1.000000000000000000e+00
9.877164698982751068e-01
9.519756379322097395e-01
8.957744851423633525e-01
8.232391811733040798e-01
7.389340703562241597e-01
6.474345933959005928e-01
5.530779678059214444e-01
4.597737380003734109e-01
3.708372616198450933e-01
2.888627933135680115e-01
2.156579668583799014e-01
1.522464445175037984e-01
9.893105012928166131e-02
5.540162614997284907e-02
2.086933628393261575e-02
-5.789775696420529361e-03
-2.589606775269936989e-02
-4.084260590773580724e-02
-5.199277147508879482e-02
-6.060203917285500452e-02
-6.776411055387704385e-02
-7.437965355154080305e-02
-8.114464537708643288e-02
-8.855462997872537434e-02
-9.692096360907559438e-02
-1.063952218321967402e-01
-1.169982805714904761e-01
-1.286510782734113234e-01
-1.412046450134063491e-01
-1.544675893624626317e-01
-1.682298194476480879e-01
-1.822818070803795543e-01
-1.964291603027120692e-01
-2.105026373487580704e-01
-2.243640095491117870e-01
-2.379083648677457474e-01
-2.510635456653930175e-01
-2.637874457378357462e-01
-2.760638666009831987e-01
-2.878975660219144639e-01
-2.993090371227453694e-01
-3.103294468920414495e-01
-3.209960495953276260e-01
-3.313482821076269569e-01
-3.414246509802412732e-01
-3.512604392285035848e-01
-3.608861964855423765e-01
-3.703269296978560221e-01
-3.796018819825722201e-01
-3.887247727152751131e-01
-3.977043698141340955e-01
-4.065452727573286018e-01
-4.152487992457083998e-01
-4.238138869728087510e-01
-4.322379423650829500e-01
-4.405175885068301489e-01
-4.486492833231061628e-01
-4.566297954651495905e-01
-4.644565386493373360e-01
-4.721277752225939150e-01
-4.796427065345485463e-01
-4.870014715743693490e-01
-4.942050767068616457e-01
-5.012552787244171082e-01
-5.081544413479712752e-01
-5.149053822694589222e-01
-5.215112242850831192e-01
-5.279752604047405207e-01
-5.343008393358920083e-01
-5.404912746427099624e-01
-5.465497783056927350e-01
-5.524794174149760817e-01
-5.582830913261027650e-01
-5.639635257494510778e-01
-5.695232798628458992e-01
-5.749647625422106278e-01
-5.802902541016373705e-01
-5.855019304279112102e-01
-5.906018869996754184e-01
-5.955921609251336735e-01
-6.004747497566194081e-01
-6.052516264032059556e-01
-6.099247499365558767e-01
-6.144960724565546872e-01
-6.189675424492705469e-01
-6.233411052363594385e-01
-6.276187011940443927e-01
-6.318022624269221676e-01
-6.358937085344025242e-01
-6.398949420226466289e-01
-6.438078438081816790e-01
-6.476342691445078348e-01
-6.513760441908426069e-01
-6.550349633405690986e-01
-6.586127873412157552e-01
-6.621112421705781514e-01
-6.655320185855290172e-01
-6.688767722301157681e-01
-6.721471241756551418e-01
-6.753446617647292927e-01
-6.784709396402428538e-01
-6.815274808567159948e-01
-6.845157779909722962e-01
-6.874372941907758161e-01
-6.902934641208317013e-01
-6.930856947843081484e-01
-6.958153662138205631e-01
-6.984838320381224763e-01
-7.010924199394765743e-01
-7.036424320220407980e-01
-7.061351451139834534e-01
-7.085718110259925373e-01
-7.109536567869686463e-01
-7.132818848745852147e-01
-7.155576734546102990e-01
-7.177821766388934321e-01
-7.199565247680682623e-01
-7.220818247215727848e-01
-7.241591602547030604e-01
-7.261895923602446068e-01
-7.281741596507500525e-01
-7.301138787566552324e-01
-7.320097447350981668e-01
-7.338627314844644589e-01
-7.356737921601959052e-01
-7.374438595880744574e-01
-7.391738466720028100e-01
-7.408646467935534607e-01
-7.425171341954046600e-01
-7.441321643944045494e-01
-7.457105745062884150e-01
-7.472531836456124399e-01
-7.487607932530178090e-01
-7.502341874531802679e-01
-7.516741333916827639e-01
-7.530813815651475895e-01
-7.544566661471582281e-01
-7.558007053083495297e-01
-7.571142015306421280e-01
-7.583978419331707244e-01
-7.596522985615645762e-01
-7.608782287089618235e-01
-7.620762752067786749e-01
-7.632470667186137536e-01
-7.643912180430917358e-01
-7.655093303981526098e-01
-7.666019917050398425e-01
-7.676697768676732370e-01
-7.687132480472415041e-01
-7.697329549318988606e-01
-7.707294350003994765e-01
-7.717032137816556281e-01
-7.726548051205535117e-01
-7.735847114063174601e-01
-7.744934238310616781e-01
-7.753814226353531458e-01
-7.762491773269919459e-01
-7.770971469239997820e-01
-7.779257801771507497e-01
-7.787355157917116300e-01
-7.795267826435139380e-01
-7.802999999919923990e-01
-7.810555776993824972e-01
-7.817939164132042817e-01
-7.825154077886198323e-01
-7.832204346707798415e-01
-7.839093712977438511e-01
-7.845825834778825669e-01
-7.852404287848044895e-01
-7.858832567353858378e-01
-7.865114089620010018e-01
-7.871252193952107401e-01
-7.877250144302702095e-01
-7.883111130875437578e-01
-7.888838271874235586e-01
-7.894434615009050527e-01
-7.899903139105987071e-01
-7.905246755598467345e-01
-7.910468310041307571e-01
-7.915570583590382236e-01
-7.920556294429021982e-01
-7.925428099170225282e-01
-7.930188594230307420e-01
-7.934840317181502956e-01
-7.939385748044687219e-01
-7.943827310602715741e-01
-7.948167373639586364e-01
-7.952408252194915761e-01
-7.956552208739025023e-01
-7.960601454372436825e-01
-7.964558149973218759e-01
-7.968424407339738114e-01
-7.972202290249340573e-01
-7.975893815645258567e-01
-7.979500954542412261e-01
-7.983025633153645328e-01
-7.986469733872788579e-01
-7.989835096286583838e-01
-7.993123518147378093e-01
-7.996336756246733568e-01
-7.999476527418141192e-01
-8.002544509394093897e-01
-8.005542341709165344e-01
-8.008471626564830359e-01
-8.011333929663111419e-01
-8.014130781038405482e-01
-8.016863675866111594e-01
-8.019534075243185400e-01
-8.022143406966930623e-01
-8.024693066300240263e-01
-8.027184416686345969e-01
-8.029618790473461720e-01
-8.031997489650151145e-01
-8.034321786503186846e-01
-8.036592924307615071e-01
-8.038812117956765091e-01
-8.040980554661931734e-01
-8.043099394514335865e-01
-8.045169771148151794e-01
-8.047192792327841904e-01
-8.049169540536371681e-01
-8.051101073544820741e-01
-8.052988424982222559e-01
-8.054832604894309744e-01
-8.056634600259209300e-01
-8.058395375520541748e-01
-8.060115873112561058e-01
-8.061797013917506582e-01
-8.063439697817104124e-01
-8.065044804125663935e-01
-8.066613192079220562e-01
-8.068145701288094163e-01
-8.069643152183859636e-01
-8.071106346456218272e-01
-8.072536067480182709e-01
-8.073933080730866241e-01
-8.075298134198474198e-01
-8.076631958771237629e-01
-8.077935268662923551e-01
-8.079208761745374501e-01
-8.080453119944127627e-01
-8.081669009594795172e-01
-8.082857081829526447e-01
-8.084017972878616565e-01
-8.085152304429605863e-01
-8.086260683968327090e-01
-8.087343705083570589e-01
-8.088401947809590320e-01
-8.089435978924049975e-01
-8.090446352230336036e-01
-8.091433608879687878e-01
-8.092398277650520999e-01
-8.093340875235378595e-01
-8.094261906509808702e-01
-8.095161864812683294e-01
-8.096041232193043058e-01
-8.096900479688959873e-01
-8.097740067558730770e-01
-8.098560445536584496e-01
-8.099362053079455226e-01
-8.100145319591759430e-01
-8.100910664660155858e-01
-8.101658498272044096e-01
-8.102389221040006140e-01
-8.103103224416502437e-01
-8.103800890899315323e-01
-8.104482594241846360e-01
-8.105148699643597299e-01
-8.105799563955675691e-01
-8.106435535872493769e-01
-8.107056956103277923e-01
-8.107664157571986552e-01
-8.108257465583511570e-01
-8.108837198004866798e-01
-8.109403665430994224e-01
-8.109957171354139627e-01
-8.110498012320487282e-01
-8.111026478097416170e-01
-8.111542851823544398e-01
-8.112047410155177607e-01
-8.112540423428606928e-01
-8.113022155788438550e-01
-8.113492865343308047e-01
-8.113952804292901000e-01
-8.114402219070339095e-01
-8.114841350470126669e-01
-8.115270433777334036e-01
-8.115689698896614290e-01
-8.116099370469610497e-01
-8.116499668003080981e-01
-8.116890805979132262e-01
-8.117272993974840034e-01
-8.117646436772323337e-01
-8.118011334468349105e-01
-8.118367882581157824e-01
-8.118716272156045743e-01
-8.119056689870881582e-01
-8.119389318129632827e-01
-8.119714335162486751e-01
-8.120031915123426813e-01
-8.120342228180627009e-01
-8.120645440610222421e-01
-8.120941714884116758e-01
-8.121231209755771507e-01
-8.121514080347249642e-01
-8.121790478231302179e-01
-8.122060551513017312e-01
-8.122324444908888275e-01
-8.122582299823966068e-01
-8.122834254429348588e-01
-8.123080443731632849e-01
-8.123320999651895136e-01
-8.123556051091481711e-01
-8.123785724001728603e-01
-8.124010141453960054e-01
-8.124229423702655772e-01
-8.124443688249913809e-01
-8.124653049910179892e-01
-8.124857620871636099e-01
-8.125057510754521983e-01
-8.125252826671789386e-01
-8.125443673284848956e-01
-8.125630152860171540e-01
-8.125812365324232012e-01
-8.125990408317105285e-01
-8.126164377244845527e-01
-8.126334365330848408e-01
-8.126500463663937079e-01
-8.126662761250689204e-01
-8.126821345059735968e-01
-8.126976300070622994e-01
-8.127127709318699988e-01
-8.127275653938205169e-01
-8.127420213208312871e-01
-8.127561464593620055e-01
-8.127699483786864354e-01
-8.127834344747641993e-01
-8.127966119743883500e-01
-8.128094879389869964e-01
-8.128220692683941762e-01
-8.128343627045717668e-01
-8.128463748351595353e-01
-8.128581120971208884e-01
-8.128695807800452311e-01
-8.128807870296388405e-01
-8.128917368509857022e-01
-8.129024361117512809e-01
-8.129128905453949505e-01
-8.129231057541039807e-01
-8.129330872119386875e-01
-8.129428402676804888e-01
-8.129523701477879838e-01
-8.129616819590608223e-01
-8.129707806914939772e-01
-8.129796712208720022e-01
-8.129883583114169143e-01
-8.129968466183193909e-01
-8.130051406902365496e-01
-8.130132449717398790e-01
-8.130211638057139867e-01
-8.130289014356836264e-01
-8.130364620080698934e-01
-8.130438495744058969e-01
-8.130510680935150170e-01
-8.130581214336373153e-01
-8.130650133744921071e-01
-8.130717476092906848e-01
-8.130783277467142911e-01
-8.130847573128729966e-01
-8.130910397532217226e-01
-8.130971784343988817e-01
-8.131031766460161680e-01
-8.131090376024100452e-01
-8.131147644443617040e-01
-8.131203602407888198e-01
-8.131258279903812447e-01
-8.131311706231978409e-01
-8.131363910022395558e-01
-8.131414919249884132e-01
-8.131464761249029838e-01
-8.131513462728805486e-01
-8.131561049786929507e-01
-8.131607547924082358e-01
-8.131652982057711032e-01
-8.131697376535300670e-01
-8.131740755147235378e-01
-8.131783141139387050e-01
-8.131824557225503236e-01
-8.131865025599446239e-01
-8.131904567947237927e-01
-8.131943205458668222e-01
-8.131980958838554985e-01
-8.132017848317824038e-01
-8.132053893664525912e-01
-8.132089114194550605e-01
-8.132123528782023714e-01
-8.132157155869366161e-01
-8.132190013477100798e-01
-8.132222119213413647e-01
-8.132253490283534170e-01
-8.132284143498840212e-01
-8.132314095285891886e-01
-8.132343361695257844e-01
-8.132371958410089530e-01
-8.132399900754647692e-01
-8.132427203702601304e-01
-8.132453881885037816e-01
-8.132479949598250268e-01
-8.132505420811302344e-01
-8.132530309173618965e-01
-8.132554628022410359e-01
-8.132578390389708645e-01
-8.132601609009176835e-01
-8.132624296322977786e-01
-8.132646464488539895e-01
-8.132668125385174029e-01
-8.132689290620548350e-01
-8.132709971536784543e-01
-8.132730179216446365e-01
-8.132749924488561488e-01
-8.132769217934576744e-01
-8.132788069894063554e-01
-8.132806490470055882e-01
-8.132824489534138390e-01
-8.132842076731601200e-01
-8.132859261486706792e-01
-8.132876053008020190e-01
-8.132892460293534853e-01
-8.132908492135538792e-01
-8.132924157125096531e-01
-8.132939463656554402e-01
-8.132954419932170165e-01
-8.132969033966620520e-01
-8.132983313591374275e-01
-8.132997266458856789e-01
-8.133010900046452329e-01
-8.133024221660307695e-01
-8.133037238439115857e-01
-8.133049957358069459e-01
-8.133062385232878722e-01
-8.133074528723513996e-01
-8.133086394337669667e-01
-8.133097988434094816e-01
-8.133109317225977186e-01
-8.133120386784297162e-01
-8.133131203041120694e-01
-8.133141771792745667e-01
-8.133152098702740584e-01
-8.133162189304894429e-01
-8.133172049006277549e-01
-8.133181683090301428e-01
-8.133191096719688540e-01
-8.133200294939268993e-01
-8.133209282678496299e-01
-8.133218064753947596e-01
-8.133226645871828309e-01
-8.133235030630507900e-01
-8.133243223523016763e-01
-8.133251228939573085e-01
-8.133259051170086407e-01
-8.133266694406382502e-01
-8.133274162744267288e-01
-8.133281460185668443e-01
-8.133288590640990190e-01
-8.133295557931470299e-01
-8.133302365791221789e-01
-8.133309017868972646e-01
-8.133315517729771127e-01
-8.133321868856888681e-01
-8.133328074653807249e-01
-8.133334138446007833e-01
-8.133340063482680238e-01
-8.133345852938561604e-01
-8.133351509915752731e-01
-8.133357037445347881e-01
-8.133362438489115664e-01
-8.133367715941179910e-01
-8.133372872629590633e-01
-8.133377911317910547e-01
-8.133382834706557318e-01
-8.133387645434030366e-01
-8.133392346078345270e-01
-8.133396939158501482e-01
-8.133401427135877881e-01
-8.133405812415506198e-01
-8.133410097347419931e-01
-8.133414284228027702e-01
-8.133418375301331160e-01
-8.133422372759997465e-01
-8.133426278746458404e-01
-8.133430095353954004e-01
-8.133433824627679387e-01
-8.133437468565990480e-01
-8.133441029121525334e-01
-8.133444508202318790e-01
-8.133447907672698429e-01
-8.133451229354186074e-01
-8.133454475026649089e-01
-8.133457646429308463e-01
-8.133460745261615887e-01
-8.133463773184116397e-01
-8.133466731819452011e-01
-8.133469622753232153e-01
-8.133472447534874084e-01
-8.133475207678414476e-01
-8.133477904663110047e-01
-8.133480539934110354e-01
-8.133483114903322653e-01
-8.133485630950307854e-01
-8.133488089423066558e-01
-8.133490491638862840e-01
-8.133492838884965881e-01
-8.133495132419223950e-01
-8.133497373470622849e-01
-8.133499563239953156e-01
-8.133501702900503005e-01
-8.133503793598835241e-01
-8.133505836455469096e-01
-8.133507832565439744e-01
-8.133509782998831206e-01
-8.133511688801304818e-01
-8.133513550994539987e-01
-8.133515370576657189e-01
-8.133517148522682039e-01
-8.133518885785077090e-01
-8.133520583294371331e-01
-8.133522241959851851e-01
-8.133523862670114513e-01
-8.133525446293544681e-01
-8.133526993678730221e-01
-8.133528505654873397e-01
-8.133529983032198318e-01
-8.133531426602371717e-01
-8.133532837139155758e-01
-8.133534215398865452e-01
-8.133535562120618456e-01
-8.133536878026481620e-01
-8.133538163821647515e-01
-8.133539420194850766e-01
-8.133540647818995328e-01
-8.133541847351694054e-01
-8.133543019435720556e-01
-8.133544164699324508e-01
-8.133545283756429267e-01
-8.133546377206873901e-01
-8.133547445636732931e-01
-8.133548489618491750e-01
-8.133549509711315295e-01
-8.133550506461511009e-01
-8.133551480402916312e-01
-8.133552432057217230e-01
-8.133553361934313664e-01
-8.133554270532619146e-01
-8.133555158339302871e-01
-8.133556025830419589e-01
-8.133556873470924042e-01
-8.133557701714992927e-01
-8.133558511006411251e-01
-8.133559301778852113e-01
-8.133560074456065436e-01
-8.133560829452105567e-01
-8.133561567171655460e-01
-8.133562288010234287e-01
-8.133562992354385068e-01
-8.133563680581813449e-01
-8.133564353061528696e-01
-8.133565010154031327e-01
-8.133565652211491859e-01
-8.133566279577935099e-01
-8.133566892589433328e-01
-8.133567491574138497e-01
-8.133568076852382145e-01
-8.133568648737079521e-01
-8.133569207534171452e-01
-8.133569753542911895e-01
-8.133570287056058890e-01
-8.133570808359958937e-01
-8.133571317734527018e-01
-8.133571815453217724e-01
-8.133572301783033032e-01
-8.133572776984696606e-01
-8.133573241312986868e-01
-8.133573695016946825e-01
-8.133574138339961790e-01
-8.133574571519703866e-01
-8.133574994788068668e-01
-8.133575408371434001e-01
-8.133575812491032897e-01
-8.133576207363210075e-01
-8.133576593199437488e-01
-8.133576970206373158e-01
-8.133577338585992189e-01
-8.133577698535576772e-01
-8.133578050247807223e-01
-8.133578393911050641e-01
-8.133578729709614041e-01
-8.133579057823776548e-01
-8.133579378429728335e-01
-8.133579691699535097e-01
