0.000000000000000000e+00
-2.534391780567725027e-04
-3.692390339149123103e-03
-1.624552207923679603e-02
-4.292228486689485256e-02
-8.504737527636334338e-02
-1.401155544826487853e-01
-2.032852696515086155e-01
-2.691388955001247085e-01
-3.329391958243050897e-01
-3.912301698605687994e-01
-4.419390123851136831e-01
-4.841947687930771016e-01
-5.180317313853843864e-01
-5.440821872963104155e-01
-5.633133464676365332e-01
-5.768292128111737194e-01
-5.857368772835191972e-01
-5.910657861971271299e-01
-5.937253573818916941e-01
-5.944877946191996498e-01
-5.939862879539616891e-01
-5.927221354243521478e-01
-5.910768560189701981e-01
-5.893269662946941656e-01
-5.876599760402716477e-01
-5.861906026249927848e-01
-5.849764353716012666e-01
-5.840324399344869466e-01
-5.833438435567203095e-01
-5.828771020932175251e-01
-5.825888112459376433e-01
-5.824325724699479512e-01
-5.823639453966830137e-01
-5.823437061146767846e-01
-5.823396830373692712e-01
-5.823274627223058442e-01
-5.822902529631949209e-01
-5.822181667418552253e-01
-5.821071550409910866e-01
-5.819577749863134031e-01
-5.817739369876266942e-01
-5.815617339086495141e-01
-5.813284190775833693e-01
-5.810815694384984242e-01
-5.808284458456141053e-01
-5.805755443463525012e-01
-5.803283198050075420e-01
-5.800910556529988993e-01
-5.798668500490233857e-01
-5.796576883851282114e-01
-5.794645740177732929e-01
-5.792876925488549267e-01
-5.791265892611241473e-01
-5.789803438863361240e-01
-5.788477313336164443e-01
-5.787273610698493442e-01
-5.786177912811447666e-01
-5.785176167720614826e-01
-5.784255316482842524e-01
-5.783403692981046174e-01
-5.782611230751976139e-01
-5.781869514943551724e-01
-5.781171717835338342e-01
-5.780512453904373960e-01
-5.779887586133474198e-01
-5.779294009939646148e-01
-5.778729435403713310e-01
-5.778192182905864671e-01
-5.777681002178951530e-01
-5.777194920402257683e-01
-5.776733121385742020e-01
-5.776294855166737019e-01
-5.775879375415968742e-01
-5.775485900838155384e-01
-5.775113596144578754e-01
-5.774761568047194205e-01
-5.774428871952081987e-01
-5.774114525499074446e-01
-5.773817525704509901e-01
-5.773536867135553585e-01
-5.773271559207849846e-01
-5.773020641313978407e-01
-5.772783195024815406e-01
-5.772558353046213231e-01
-5.772345304953814260e-01
-5.772143299969141328e-01
-5.771951647194581980e-01
-5.771769713807552993e-01
-5.771596921736515950e-01
-5.771432743319215852e-01
-5.771276696390512662e-01
-5.771128339177196143e-01
-5.770987265296290136e-01
-5.770853099074620962e-01
-5.770725491334386392e-01
-5.770604115723567684e-01
-5.770488665617359292e-01
-5.770378851575381773e-01
-5.770274399312158575e-01
-5.770175048117986982e-01
-5.770080549656737556e-01
-5.769990667068061185e-01
-5.769905174301880324e-01
-5.769823855620410669e-01
-5.769746505212955956e-01
-5.769672926877795760e-01
-5.769602933736827088e-01
-5.769536347960181333e-01
-5.769473000484075520e-01
-5.769412730712828452e-01
-5.769355386201230340e-01
-5.769300822311415056e-01
-5.769248901868773149e-01
-5.769199494799094330e-01
-5.769152477755324915e-01
-5.769107733765270751e-01
-5.769065151868353336e-01
-5.769024626775396403e-01
-5.768986058539191664e-01
-5.768949352243293305e-01
-5.768914417710964138e-01
-5.768881169238335715e-01
-5.768849525333751282e-01
-5.768819408499450407e-01
-5.768790745010392573e-01
-5.768763464713793088e-01
-5.768737500848530875e-01
-5.768712789872979529e-01
-5.768689271304217048e-01
-5.768666887574369628e-01
-5.768645583887972439e-01
-5.768625308085868486e-01
-5.768606010526595718e-01
-5.768587643962362899e-01
-5.768570163428876629e-01
-5.768553526135726806e-01
-5.768537691363797570e-01
-5.768522620363266684e-01
-5.768508276259404211e-01
-5.768494623962561185e-01
-5.768481630083044376e-01
-5.768469262847644163e-01
-5.768457492021297206e-01
-5.768446288831332591e-01
-5.768435625895458330e-01
-5.768425477153511505e-01
-5.768415817803789203e-01
-5.768406624242909952e-01
-5.768397874008195370e-01
-5.768389545723726641e-01
-5.768381619044435915e-01
-5.768374074604606383e-01
-5.768366893971836884e-01
-5.768360059602104517e-01
-5.768353554797664984e-01
-5.768347363665855543e-01
-5.768341471079819760e-01
-5.768335862641962297e-01
-5.768330524649887270e-01
-5.768325444062698537e-01
-5.768320608468375799e-01
-5.768316006052964795e-01
-5.768311625571443946e-01
-5.768307456320714843e-01
-5.768303488114219224e-01
-5.768299711257377504e-01
-5.768296116522556582e-01
-5.768292695126854275e-01
-5.768289438710312300e-01
-5.768286339316284206e-01
-5.768283389373853876e-01
-5.768280581678389973e-01
-5.768277909372929724e-01
-5.768275365929524945e-01
-5.768272945133303686e-01
-5.768270641069515037e-01
-5.768268448108699875e-01
-5.768266360892539968e-01
-5.768264374321154797e-01
-5.768262483541569674e-01
-5.768260683935750865e-01
-5.768258971108056743e-01
-5.768257340874636263e-01
-5.768255789252634269e-01
-5.768254312450424859e-01
-5.768252906859119289e-01
-5.768251569044747784e-01
-5.768250295739849598e-01
-5.768249083833494328e-01
-5.768247930363294973e-01
-5.768246832510262045e-01
-5.768245787593597740e-01
-5.768244793060821607e-01
-5.768243846483489534e-01
-5.768242945550021705e-01
-5.768242088060284711e-01
-5.768241271920093727e-01
-5.768240495135503743e-01
-5.768239755809249081e-01
-5.768239052136050482e-01
-5.768238382397004038e-01
-5.768237744955159174e-01
-5.768237138252123586e-01
-5.768236560804465007e-01
-5.768236011201249847e-01
-5.768235488098798491e-01
-5.768234990218623626e-01
-5.768234516344281637e-01
-5.768234065318658121e-01
-5.768233636039850065e-01
-5.768233227457788548e-01
-5.768232838573245091e-01
-5.768232468437124449e-01
-5.768232116147767874e-01
-5.768231780847506984e-01
-5.768231461717803210e-01
-5.768231157977816714e-01
-5.768230868884812734e-01
-5.768230593732062150e-01
-5.768230331847461478e-01
-5.768230082590670715e-01
-5.768229845351467988e-01
-5.768229619550357956e-01
-5.768229404637728042e-01
-5.768229200089918240e-01
-5.768229005407469190e-01
-5.768228820115177680e-01
-5.768228643761369456e-01
-5.768228475915468945e-01
-5.768228316166783554e-01
-5.768228164123508916e-01
-5.768228019411971719e-01
-5.768227881675946911e-01
-5.768227750577211710e-01
-5.768227625795180336e-01
-5.768227507025867062e-01
-5.768227393980144280e-01
-5.768227286383520447e-01
-5.768227183975147554e-01
-5.768227086505990364e-01
-5.768226993738936326e-01
-5.768226905447495501e-01
-5.768226821415406436e-01
-5.768226741436341953e-01
-5.768226665313238577e-01
-5.768226592858464175e-01
-5.768226523894295354e-01
-5.768226458253485900e-01
-5.768226395777876769e-01
-5.768226336316630842e-01
-5.768226279725360284e-01
-5.768226225865360490e-01
-5.768226174603297007e-01
-5.768226125812814242e-01
-5.768226079375320392e-01
-5.768226035178489752e-01
-5.768225993114207695e-01
-5.768225953078824908e-01
-5.768225914972842094e-01
-5.768225878699664300e-01
-5.768225844169150296e-01
-5.768225811299211303e-01
-5.768225780013219728e-01
-5.768225750237007121e-01
-5.768225721898085911e-01
-5.768225694926479852e-01
-5.768225669255562238e-01
-5.768225644823293807e-01
-5.768225621571282380e-01
-5.768225599443277396e-01
-5.768225578385037799e-01
-5.768225558344287629e-01
-5.768225539271606417e-01
-5.768225521120275978e-01
-5.768225503845503255e-01
-5.768225487403173535e-01
-5.768225471750665356e-01
-5.768225456849017663e-01
-5.768225442662520130e-01
-5.768225429158044815e-01
-5.768225416304124664e-01
-5.768225404070193019e-01
-5.768225392425787579e-01
-5.768225381341611779e-01
-5.768225370791257856e-01
-5.768225360750831587e-01
-5.768225351197278084e-01
-5.768225342107752285e-01
-5.768225333460079707e-01
-5.768225325232985146e-01
-5.768225317404670482e-01
-5.768225309952815794e-01
-5.768225302856329062e-01
-5.768225296096896049e-01
-5.768225289660239286e-01
-5.768225283533886527e-01
-5.768225277703953324e-01
-5.768225272155430572e-01
-5.768225266874297263e-01
-5.768225261848203278e-01
-5.768225257065831002e-01
-5.768225252515835066e-01
-5.768225248186360510e-01
-5.768225244065984247e-01
-5.768225240144113641e-01
-5.768225236410906565e-01
-5.768225232857556728e-01
-5.768225229475600901e-01
-5.768225226256908922e-01
-5.768225223194152207e-01
-5.768225220280789323e-01
-5.768225217510281055e-01
-5.768225214874760365e-01
-5.768225212365772903e-01
-5.768225209975987866e-01
-5.768225207700439228e-01
-5.768225205535227884e-01
-5.768225203475323415e-01
-5.768225201514407541e-01
-5.768225199646297430e-01
-5.768225197866340137e-01
-5.768225196171328228e-01
-5.768225194558234126e-01
-5.768225193023255315e-01
-5.768225191561671128e-01
-5.768225190168971839e-01
-5.768225188841831219e-01
-5.768225187578037705e-01
-5.768225186375885993e-01
-5.768225185232991326e-01
-5.768225184146262841e-01
-5.768225183113118160e-01
-5.768225182131287987e-01
-5.768225181198174401e-01
-5.768225180311123967e-01
-5.768225179467190156e-01
-5.768225178663795027e-01
-5.768225177899595213e-01
-5.768225177173893492e-01
-5.768225176485283212e-01
-5.768225175831499518e-01
-5.768225175209855671e-01
-5.768225174618016871e-01
-5.768225174054321114e-01
-5.768225173517247395e-01
-5.768225173004937201e-01
-5.768225172515450971e-01
-5.768225172047540816e-01
-5.768225171601211176e-01
-5.768225171176790678e-01
-5.768225170773721988e-01
-5.768225170390308687e-01
-5.768225170024487980e-01
-5.768225169675114117e-01
-5.768225169341775205e-01
-5.768225169023970533e-01
-5.768225168721521356e-01
-5.768225168433961381e-01
-5.768225168160132643e-01
-5.768225167898743955e-01
-5.768225167649061458e-01
-5.768225167411673571e-01
-5.768225167187550628e-01
-5.768225166976382878e-01
-5.768225166776522750e-01
-5.768225166586770092e-01
-5.768225166407178195e-01
-5.768225166237724855e-01
-5.768225166077636246e-01
-5.768225165925797704e-01
-5.768225165780742625e-01
-5.768225165641464036e-01
-5.768225165507933072e-01
-5.768225165380567176e-01
-5.768225165258902276e-01
-5.768225165141327437e-01
-5.768225165026581447e-01
-5.768225164915228298e-01
-5.768225164808987726e-01
-5.768225164708673525e-01
-5.768225164613391964e-01
-5.768225164521711967e-01
-5.768225164432922991e-01
-5.768225164347882128e-01
-5.768225164268377947e-01
-5.768225164194996646e-01
-5.768225164125841964e-01
-5.768225164058671250e-01
-5.768225163993737636e-01
-5.768225163933555777e-01
-5.768225163880151829e-01
-5.768225163832579883e-01
-5.768225163787277232e-01
-5.768225163741205197e-01
-5.768225163694418178e-01
-5.768225163649769449e-01
-5.768225163609868034e-01
-5.768225163574635106e-01
-5.768225163542304301e-01
-5.768225163511162545e-01
-5.768225163480497075e-01
-5.768225163450690918e-01
-5.768225163422379120e-01
-5.768225163395817034e-01
-5.768225163370142017e-01
-5.768225163343796424e-01
-5.768225163316231807e-01
-5.768225163288656088e-01
-5.768225163262521438e-01
-5.768225163238485109e-01
-5.768225163216238460e-01
-5.768225163195435101e-01
-5.768225163176063930e-01
-5.768225163158464674e-01
-5.768225163142912670e-01
-5.768225163128929411e-01
-5.768225163115169307e-01
-5.768225163100635378e-01
-5.768225163085858309e-01
-5.768225163071794004e-01
-5.768225163058373628e-01
-5.768225163044072845e-01
-5.768225163027629332e-01
-5.768225163010188838e-01
-5.768225162994100597e-01
-5.768225162980480381e-01
-5.768225162969231601e-01
-5.768225162959706998e-01
-5.768225162951773344e-01
-5.768225162946278850e-01
-5.768225162944136120e-01
-5.768225162945530560e-01
-5.768225162948676932e-01
-5.768225162950429974e-01
-5.768225162949335294e-01
-5.768225162946611917e-01
-5.768225162944102813e-01
-5.768225162941658102e-01
-5.768225162937166139e-01
-5.768225162929181415e-01
-5.768225162918316773e-01
-5.768225162906757131e-01
-5.768225162896800651e-01
-5.768225162889286661e-01
-5.768225162883307000e-01
-5.768225162876849943e-01
-5.768225162868529932e-01
-5.768225162858935384e-01
-5.768225162849893728e-01
-5.768225162842868237e-01
-5.768225162838256370e-01
-5.768225162835729503e-01
-5.768225162834552666e-01
-5.768225162833926500e-01
-5.768225162833324760e-01
-5.768225162832737452e-01
-5.768225162832600894e-01
-5.768225162833051645e-01
-5.768225162833416908e-01
-5.768225162832780750e-01
-5.768225162830999952e-01
-5.768225162829112573e-01
-5.768225162828092278e-01
-5.768225162827930186e-01
-5.768225162827880226e-01
-5.768225162827322894e-01
-5.768225162826166041e-01
-5.768225162824760499e-01
-5.768225162823732433e-01
-5.768225162823430452e-01
-5.768225162823574781e-01
-5.768225162823906738e-01
-5.768225162824176522e-01
-5.768225162824134333e-01
-5.768225162823858998e-01
-5.768225162824087704e-01
-5.768225162825900698e-01
-5.768225162829268005e-01
-5.768225162832358865e-01
-5.768225162833215958e-01
-5.768225162831661645e-01
-5.768225162829438979e-01
-5.768225162828234387e-01
-5.768225162827699259e-01
-5.768225162825937335e-01
-5.768225162821868368e-01
-5.768225162815957541e-01
-5.768225162809133000e-01
-5.768225162802272932e-01
-5.768225162795900252e-01
-5.768225162790319160e-01
-5.768225162786018156e-01
-5.768225162783268134e-01
-5.768225162782317783e-01
-5.768225162782937288e-01
-5.768225162783930937e-01
-5.768225162784137439e-01
-5.768225162783611193e-01
-5.768225162783293669e-01
-5.768225162784280657e-01
-5.768225162786713156e-01
-5.768225162789734073e-01
-5.768225162792040006e-01
-5.768225162792812721e-01
-5.768225162792318672e-01
-5.768225162791631444e-01
-5.768225162791933425e-01
-5.768225162793494398e-01
-5.768225162795737049e-01
-5.768225162798248373e-01
-5.768225162801026151e-01
-5.768225162803964912e-01
-5.768225162807297801e-01
-5.768225162811169149e-01
-5.768225162814940576e-01
-5.768225162817914864e-01
-5.768225162820042051e-01
-5.768225162821520868e-01
-5.768225162822271379e-01
-5.768225162821960517e-01
-5.768225162820037610e-01
-5.768225162816120744e-01
-5.768225162810693973e-01
-5.768225162805513673e-01
-5.768225162802106398e-01
-5.768225162800342254e-01
-5.768225162799013317e-01
-5.768225162797173677e-01
-5.768225162794516914e-01
-5.768225162791875693e-01
-5.768225162790894256e-01
-5.768225162792549598e-01
-5.768225162796118966e-01
-5.768225162799485162e-01
-5.768225162801248196e-01
-5.768225162801616790e-01
-5.768225162801490224e-01
-5.768225162801606798e-01
-5.768225162802290695e-01
-5.768225162803606310e-01
-5.768225162805609152e-01
-5.768225162808251483e-01
-5.768225162810758366e-01
-5.768225162812016249e-01
-5.768225162811779771e-01
-5.768225162810467488e-01
-5.768225162808454654e-01
-5.768225162806115414e-01
-5.768225162803881645e-01
-5.768225162802289585e-01
-5.768225162801785544e-01
-5.768225162802211869e-01
-5.768225162802476103e-01
-5.768225162801783323e-01
-5.768225162799973660e-01
-5.768225162797414596e-01
-5.768225162795290739e-01
-5.768225162794939909e-01
-5.768225162796758454e-01
-5.768225162799904826e-01
-5.768225162803257700e-01
-5.768225162806235318e-01
-5.768225162808930939e-01
-5.768225162811433382e-01
-5.768225162812943285e-01
-5.768225162812323781e-01
-5.768225162809894613e-01
-5.768225162807347761e-01
-5.768225162806337458e-01
-5.768225162807050221e-01
-5.768225162807952833e-01
-5.768225162807421036e-01
-5.768225162805071804e-01
-5.768225162801798866e-01
-5.768225162799043293e-01
-5.768225162797908645e-01
-5.768225162798404915e-01
-5.768225162799482941e-01
-5.768225162800226791e-01
-5.768225162800668659e-01
-5.768225162801922101e-01
-5.768225162804767603e-01
-5.768225162808414686e-01
-5.768225162811163598e-01
-5.768225162811951856e-01
-5.768225162811115858e-01
-5.768225162809978990e-01
-5.768225162810467488e-01
-5.768225162814004658e-01
-5.768225162820057594e-01
-5.768225162826854380e-01
-5.768225162832585351e-01
-5.768225162835769471e-01
-5.768225162835685094e-01
-5.768225162832844033e-01
-5.768225162828292119e-01
-5.768225162822784302e-01
-5.768225162817213203e-01
-5.768225162812765650e-01
