1.000000000000000000e+00
9.887869839167686692e-01
9.643399971847336216e-01
9.376487744211240427e-01
9.125855546382662942e-01
8.935424911545301052e-01
8.832478845792214317e-01
8.777499893063804848e-01
8.730007526867786805e-01
8.668539295010770918e-01
8.568477525168950448e-01
8.428186002038908775e-01
8.272365703891300104e-01
8.120046182175223448e-01
7.984937584105900044e-01
7.877918034670600145e-01
7.793043556280110362e-01
7.715930695925472538e-01
7.636732888908012162e-01
7.547516945413512701e-01
7.444945288233286718e-01
7.334616385955041729e-01
7.224119063666000207e-01
7.118793614918655921e-01
7.022596442820664420e-01
6.935497682122594432e-01
6.853458414283063460e-01
6.772425828434149864e-01
6.689456893468092025e-01
6.602886639510469058e-01
6.513612764234000263e-01
6.424090099928410069e-01
6.336452839552716432e-01
6.252193656164237723e-01
6.171755259002981164e-01
6.094190139449775501e-01
6.018053198221441358e-01
5.942182023768932675e-01
5.865856871524072202e-01
5.789085696330726893e-01
5.712541695726855995e-01
5.637008424609565305e-01
5.563067254472345846e-01
5.490980763738718684e-01
5.420572200377286043e-01
5.351382650341397484e-01
5.282963738151242872e-01
5.215010047561579043e-01
5.147434930942320630e-01
5.080389958140579809e-01
5.014131590705380725e-01
4.948879235321420600e-01
4.884752517231780722e-01
4.821733283577587792e-01
4.759686584295356737e-01
4.698447117143319529e-01
4.637886015767165859e-01
4.577942445714650033e-01
4.518635924644306967e-01
4.460038383586993338e-01
4.402224997268845419e-01
4.345242613801740816e-01
4.289094544974788037e-01
4.233741163074538627e-01
4.179122231794546449e-01
4.125182932918224910e-01
4.071888924651998476e-01
4.019232456782081964e-01
3.967227351819115344e-01
3.915894291265625271e-01
3.865247564225898769e-01
3.815288002574203086e-01
3.766001505054131226e-01
3.717364265254034517e-01
3.669351487420529079e-01
3.621943960766667026e-01
3.575131128547330284e-01
3.528910585089559127e-01
3.483284072269805520e-01
3.438252641259648135e-01
3.393813474944050723e-01
3.349958776704158869e-01
3.306676826182038953e-01
3.263954622470044420e-01
3.221780444639197882e-01
3.180145312075329245e-01
3.139043199427062891e-01
3.098470041526980023e-01
3.058422133029415901e-01
3.018894822051429450e-01
2.979881894775743278e-01
2.941375700937997606e-01
2.903367893957720658e-01
2.865850338176917922e-01
2.828815744061267123e-01
2.792257879650305585e-01
2.756171359319066205e-01
2.720551152835530839e-01
2.685392092917491813e-01
2.650688582058203235e-01
2.616434553519346728e-01
2.582623659392495052e-01
2.549249568483243911e-01
2.516306219242639419e-01
2.483787940249784221e-01
2.451689423154210790e-01
2.420005582440858949e-01
2.388731382526241287e-01
2.357861712047636393e-01
2.327391341472990205e-01
2.297314962641207048e-01
2.267627279890697123e-01
2.238323103288236693e-01
2.209397405087229482e-01
2.180845326269351125e-01
2.152662139825284315e-01
2.124843193477073400e-01
2.097383859842245624e-01
2.070279511769475556e-01
2.043525526512514623e-01
2.017117311308429528e-01
1.991050335254859749e-01
1.965320152770742568e-01
1.939922411068419339e-01
1.914852841669229533e-01
1.890107242271288901e-01
1.865681458087569689e-01
1.841571369906200850e-01
1.817772891893787990e-01
1.794281977755183277e-01
1.771094630717112151e-01
1.748206912295598991e-01
1.725614946297085450e-01
1.703314917233927916e-01
1.681303064718759899e-01
1.659575676563351254e-01
1.638129083484199944e-01
1.616959656900081033e-01
1.596063809733644367e-01
1.575437999102822229e-01
1.555078729177924446e-01
1.534982552762139685e-01
1.515146070998314998e-01
1.495565931507349955e-01
1.476238825818774192e-01
1.457161486960431018e-01
1.438330687992204204e-01
1.419743241656902799e-01
1.401396000761239713e-01
1.383285858856226347e-01
1.365409750604841266e-01
1.347764651553687854e-01
1.330347577380374680e-01
1.313155582762122742e-01
1.296185760166076451e-01
1.279435238982183920e-01
1.262901185006448657e-01
1.246580800146925849e-01
1.230471322349358521e-01
1.214570025515612772e-01
1.198874219192430646e-01
1.183381248051961210e-01
1.168088491319483335e-01
1.152993362088086116e-01
1.138093306672192107e-01
1.123385804154676260e-01
1.108868366010057893e-01
1.094538535767984877e-01
1.080393888755690757e-01
1.066432031771590849e-01
1.052650602666734270e-01
1.039047269911361759e-01
1.025619732124757877e-01
1.012365717632753292e-01
9.992829840418554488e-02
9.863693178573279541e-02
9.736225341614296314e-02
9.610404762492086306e-02
9.486210153201918294e-02
9.363620501542313512e-02
9.242615067002613038e-02
9.123173377454790733e-02
9.005275225226633262e-02
8.888900663380161493e-02
8.774030002561095110e-02
8.660643807759921264e-02
8.548722894965865571e-02
8.438248328238967533e-02
8.329201416580495065e-02
8.221563710549989468e-02
8.115316999229893469e-02
8.010443307075204578e-02
7.906924890782768278e-02
7.804744236104477206e-02
7.703884055232945727e-02
7.604327283688760986e-02
7.506057077390004828e-02
7.409056810122621739e-02
7.313310070626416470e-02
7.218800659746393844e-02
7.125512587600768555e-02
7.033430071015361884e-02
6.942537530648229538e-02
6.852819588496261716e-02
6.764261065242543891e-02
6.676846977726480503e-02
6.590562536505084612e-02
6.505393143223536789e-02
6.421324388146498752e-02
6.338342047894934828e-02
6.256432082874296974e-02
6.175580634748595310e-02
6.095774024503120003e-02
6.016998749747526354e-02
5.939241482476015355e-02
5.862489067102100160e-02
5.786728518004075061e-02
5.711947017300678109e-02
5.638131912834531967e-02
5.565270716019116160e-02
5.493351099526544434e-02
5.422360895346084453e-02
5.352288092803869635e-02
5.283120836294136202e-02
5.214847423498963908e-02
5.147456303417480283e-02
5.080936074202857533e-02
5.015275481469078089e-02
4.950463416201028588e-02
4.886488912841346899e-02
4.823341147642129512e-02
4.761009436727042798e-02
4.699483234228096773e-02
4.638752130639639537e-02
4.578805851015138595e-02
4.519634253083032460e-02
4.461227325716793368e-02
4.403575187211450359e-02
4.346668083369875646e-02
4.290496386164371900e-02
4.235050592007949533e-02
4.180321319991359141e-02
4.126299310614339744e-02
4.072975424054076088e-02
4.020340638477087891e-02
3.968386048715832892e-02
3.917102864670407580e-02
3.866482409706584189e-02
3.816516119430185539e-02
3.767195540171058843e-02
3.718512327373313386e-02
3.670458244377311496e-02
3.623025161040094311e-02
3.576205052213721203e-02
3.529989996495441762e-02
3.484372174872218952e-02
3.439343869309208213e-02
3.394897461468227018e-02
3.351025431542148381e-02
3.307720356876109324e-02
3.264974910710483069e-02
3.222781861056206454e-02
3.181134069329244474e-02
3.140024489179382705e-02
3.099446165350971949e-02
3.059392232485041996e-02
3.019855913914132328e-02
2.980830520523480853e-02
2.942309449661290044e-02
2.904286183969301272e-02
2.866754290326595234e-02
2.829707418781224337e-02
2.793139301438235522e-02
2.757043751381044183e-02
2.721414661707460825e-02
2.686246004369674534e-02
2.651531829211251079e-02
2.617266262998779736e-02
2.583443508365990127e-02
2.550057842884312365e-02
2.517103618090460460e-02
2.484575258503152195e-02
2.452467260724056075e-02
2.420774192434188565e-02
2.389490691502244024e-02
2.358611465136017937e-02
2.328131288915763486e-02
2.298045005935045459e-02
2.268347525956693200e-02
2.239033824495806346e-02
2.210098942044519399e-02
2.181537983126036195e-02
2.153346115541632244e-02
2.125518569561152260e-02
2.098050637056597667e-02
2.070937670775646611e-02
2.044175083519855773e-02
2.017758347375520067e-02
1.991682992925636331e-02
1.965944608512210090e-02
1.940538839490058010e-02
1.915461387493683221e-02
1.890708009699054726e-02
1.866274518140703664e-02
1.842156778944287199e-02
1.818350711671945508e-02
1.794852288604725787e-02
1.771657534064119410e-02
1.748762523759783694e-02
1.726163384113216237e-02
1.703856291600991391e-02
1.681837472126068711e-02
1.660103200376089605e-02
1.638649799145780461e-02
1.617473638773481159e-02
1.596571136504437716e-02
1.575938755860545326e-02
1.555573006076038656e-02
1.535470441496883387e-02
1.515627660976531788e-02
1.496041307348544569e-02
1.476708066851278867e-02
1.457624668511670052e-02
1.438787883641429177e-02
1.420194525284773635e-02
1.401841447638896287e-02
1.383725545564762349e-02
1.365843754077045169e-02
1.348193047761714336e-02
1.330770440311379588e-02
1.313572984030553226e-02
1.296597769320068094e-02
1.279841924169150547e-02
1.263302613668149110e-02
1.246977039567664924e-02
1.230862439755353588e-02
1.214956087811192020e-02
1.199255292583339960e-02
1.183757397667556388e-02
1.168459780985675600e-02
1.153359854371249771e-02
1.138455063089538477e-02
1.123742885417733373e-02
1.109220832224688813e-02
1.094886446543874570e-02
1.080737303165474339e-02
1.066771008201305992e-02
1.052985198712752535e-02
1.039377542313929537e-02
1.025945736729338975e-02
1.012687509454474055e-02
9.996006173613181112e-03
9.866828462865628868e-03
9.739320106865068105e-03
9.613459532728796386e-03
9.489225446263849229e-03
9.366596828511541961e-03
9.245552932205469698e-03
9.126073277969382058e-03
9.008137651217162922e-03
8.891726098593066840e-03
8.776818924435214608e-03
8.663396687829838516e-03
8.551440199092374961e-03
8.440930516435296571e-03
8.331848942978226091e-03
8.224177023434864342e-03
8.117896540892677315e-03
8.012989513852597501e-03
7.909438193169526787e-03
7.807225059163036551e-03
7.706332818498806692e-03
7.606744401422449453e-03
7.508442958775063403e-03
7.411411859027772220e-03
7.315634685597094400e-03
7.221095234059893286e-03
7.127777509433275149e-03
7.035665723402140248e-03
6.944744291721316465e-03
6.854997831593989677e-03
6.766411158952712057e-03
6.678969285891900309e-03
6.592657418276692827e-03
6.507460953094901246e-03
6.423365475990094886e-03
6.340356759034382339e-03
6.258420758126048700e-03
6.177543610507485461e-03
6.097711632763125333e-03
6.018911318300790292e-03
5.941129334955885799e-03
5.864352523010318841e-03
5.788567892642038082e-03
5.713762621870510650e-03
5.639924054512801543e-03
5.567039697954190292e-03
5.495097220992062326e-03
5.424084451793542705e-03
5.353989375820322749e-03
5.284800133785572118e-03
5.216505019647710295e-03
5.149092478659855754e-03
5.082551105369981226e-03
5.016869641714161165e-03
4.952036975139462172e-03
4.888042136690307071e-03
4.824874299213188777e-03
4.762522775430266808e-03
4.700977016147744880e-03
4.640226608581488055e-03
4.580261274463093280e-03
4.521070868235776974e-03
4.462645375629736844e-03
4.404974911748127386e-03
4.348049719300695060e-03
4.291860167269789805e-03
4.236396749045523435e-03
4.181650080814336423e-03
4.127610900096001512e-03
4.074270064050755646e-03
4.021618547997263260e-03
3.969647443888502103e-03
3.918347958804691000e-03
3.867711413513885699e-03
3.817729240897071996e-03
3.768392984521307110e-03
3.719694297269482419e-03
3.671624939823925349e-03
3.624176779408239124e-03
3.577341788363164188e-03
3.531112042742479140e-03
3.485479721014816956e-03
3.440437102714688500e-03
3.395976567098557553e-03
3.352090591951351062e-03
3.308771752279560108e-03
3.266012719045308099e-03
3.223806257896477678e-03
3.182145227976773683e-03
3.141022580714747381e-03
3.100431358610489241e-03
3.060364694115746964e-03
3.020815808463805929e-03
2.981778010399394052e-03
2.943244695144120460e-03
2.905209343324888227e-03
2.867665519782902628e-03
2.830606872519569883e-03
2.794027131657272900e-03
2.757920108300837558e-03
2.722279693541163059e-03
2.687099857451635820e-03
2.652374647997113311e-03
2.618098190053097518e-03
2.584264684450388039e-03
2.550868406976491976e-03
2.517903707322299844e-03
2.485365008259909914e-03
2.453246804643927081e-03
2.421543662370462258e-03
2.390250217624900753e-03
2.359361175946206313e-03
2.328871311250146903e-03
2.298775465030711285e-03
2.269068545421693006e-03
2.239745526326053504e-03
2.210801446611898591e-03
2.182231409264268063e-03
2.154030580555355012e-03
2.126194189245922406e-03
2.098717525753690527e-03
2.071595941329662516e-03
2.044824847309278937e-03
2.018399714323881877e-03
1.992316071532718169e-03
1.966569505880977342e-03
1.941155661338456184e-03
1.916070238191625030e-03
1.891308992270412936e-03
1.866867734257926514e-03
1.842742328990010225e-03
1.818928694724830653e-03
1.795422802427948383e-03
1.772220675172131443e-03
1.749318387426312960e-03
1.726712064363533639e-03
1.704397881274521964e-03
1.682372062887071973e-03
1.660630882666602748e-03
1.639170662258992994e-03
1.617987770850204399e-03
1.597078624513859069e-03
1.576439685637032184e-03
1.556067462361587772e-03
1.535958507936197037e-03
1.516109420161337873e-03
1.496516840808204130e-03
1.477177455026457142e-03
1.458087990823975222e-03
1.439245218475604382e-03
1.420645949996524049e-03
1.402287038615168679e-03
1.384165378212398601e-03
1.366277902790313803e-03
1.348621585997022976e-03
1.331193440592681743e-03
1.313990517921304058e-03
1.297009907454516053e-03
1.280248736268085885e-03
1.263704168550539020e-03
1.247373405160623339e-03
1.231253683140809407e-03
1.215342275202313527e-03
1.199636489310151877e-03
1.184133668232001391e-03
1.168831189041374952e-03
1.153726462754633975e-03
1.138816933828890043e-03
1.124100079725964818e-03
1.109573410532971316e-03
1.095234468500294600e-03
1.081080827644242959e-03
1.067110093332102050e-03
1.053319901870020114e-03
1.039707920117149964e-03
1.026271845082860068e-03
1.013009403537157294e-03
9.999183516293252971e-04
9.869964745045645138e-04
9.742415859225750374e-04
9.616515279061710331e-04
9.492241703535353459e-04
9.369574106943834302e-04
9.248491735283081994e-04
9.128974102868281371e-04
9.011000988732864592e-04
8.894552433232338906e-04
8.779608734594823716e-04
8.666150445632569976e-04
8.554158370531195210e-04
8.443613561433527259e-04
8.334497315405919871e-04
8.226791171191960572e-04
8.120476906136597783e-04
8.015536533067524338e-04
7.911952297326441119e-04
7.809706673655436582e-04
7.708782363286537098e-04
7.609162290984072818e-04
7.510829602129787119e-04
7.413767659931180809e-04
7.317960042668159026e-04
7.223390540690433070e-04
7.130043153943943501e-04
7.037902089139791428e-04
6.946951757081931689e-04
6.857176770014850042e-04
6.768561939035633301e-04
6.681092271600408417e-04
6.594752968827055639e-04
6.509529422922821773e-04
6.425407215147616036e-04
6.342372112972949338e-04
6.260410067683297441e-04
6.179507212359380830e-04
6.099649859202527225e-04
6.020824497189880553e-04
5.943017790061011496e-04
5.866216573724991612e-04
5.790407854291412804e-04
5.715578805830512366e-04
5.641716768031157514e-04
5.568809244313466245e-04
5.496843899667203104e-04
5.425808558264799686e-04
5.355691201766599185e-04
5.286479967177570849e-04
5.218163144692922195e-04
5.150729175821266992e-04
5.084166651614374643e-04
5.018464310366788084e-04
4.953611035938831897e-04
4.889595855996353713e-04
4.826407939902965794e-04
4.764036596958121095e-04
4.702471274714015159e-04
4.641701557004385137e-04
4.581717162241982777e-04
4.522507941778219909e-04
4.464063878030777310e-04
4.406375082937619148e-04
4.349431796190073030e-04
4.293224383647986642e-04
4.237743335674948320e-04
4.182979265518471657e-04
4.128922907770116169e-04
4.075565116710144764e-04
4.022896864798730654e-04
3.970909241145514912e-04
