1.000000000000000000e+00
9.877119260197084749e-01
9.519036895139257881e-01
8.954986879854277548e-01
8.227208584724829965e-01
7.385202975300845241e-01
6.481123998701097122e-01
5.565893142924387416e-01
4.685678716971541369e-01
3.878954534829676115e-01
3.174524913982206820e-01
2.590704824313274646e-01
2.135583777415434592e-01
1.808136996064378388e-01
1.599888406638795835e-01
1.496841478840792439e-01
1.481442345562485885e-01
1.534401748436404755e-01
1.636263523062667646e-01
1.768659694277890937e-01
1.915233025905986874e-01
2.062237414644724764e-01
2.198846539374688103e-01
2.317213595528513359e-01
2.412331421240368479e-01
2.481744177899145032e-01
2.525160049797959827e-01
2.544010086866597131e-01
2.540992145916578515e-01
2.519631626565606575e-01
2.483883001204417185e-01
2.437788557435107140e-01
2.385203746574519057e-01
2.329592383466551064e-01
2.273889873604486578e-01
2.220428747478015996e-01
2.170918061374833008e-01
2.126466603656402832e-01
2.087639199881515251e-01
2.054535575299183958e-01
2.026882028826698101e-01
2.004127416479232759e-01
1.985536461479739945e-01
1.970275049084919683e-01
1.957483797198760200e-01
1.946337717513741961e-01
1.936091122808900611e-01
1.926108047864460993e-01
1.915879312106312793e-01
1.905027959800576487e-01
1.893305183602475017e-01
1.880578995794637831e-01
1.866817893347620938e-01
1.852071606419013472e-01
1.836450763855448365e-01
1.820106991879849034e-01
1.803214613155896262e-01
1.785954769348545579e-01
1.768502459692028461e-01
1.751016701851229596e-01
1.733633779366089978e-01
1.716463352180070956e-01
1.699587072603594429e-01
1.683059265847499097e-01
1.666909196527579518e-01
1.651144443064900824e-01
1.635754932608015078e-01
1.620717241651785101e-01
1.605998834004231379e-01
1.591561980994926628e-01
1.577367182769904286e-01
1.563375979338986754e-01
1.549553102182830711e-01
1.535867969373718167e-01
1.522295568118506304e-01
1.508816798165760753e-01
1.495418368166716028e-01
1.482092345960413504e-01
1.468835464363703047e-01
1.455648278093148451e-01
1.442534256691859196e-01
1.429498884472507059e-01
1.416548823052812822e-01
1.403691176362117932e-01
1.390932883086710148e-01
1.378280248175341449e-01
1.365738613760669740e-01
1.353312160941831377e-01
1.341003827386046954e-01
1.328815321541606531e-01
1.316747212185305771e-01
1.304799071742410166e-01
1.292969652959494176e-01
1.281257080705300866e-01
1.269659043560955602e-01
1.258172973109877857e-01
1.246796202167501089e-01
1.235526096372513982e-01
1.224360156425321478e-01
1.213296090691274309e-01
1.202331859822695637e-01
1.191465696476616820e-01
1.180696104133143742e-01
1.170021839498017746e-01
1.159441883066248957e-01
1.148955402207539889e-01
1.138561710687319706e-01
1.128260227936989657e-01
1.118050440703470816e-01
1.107931869001953507e-01
1.097904037616203587e-01
1.087966453771801456e-01
1.078118591136962290e-01
1.068359879723148054e-01
1.058689701158802010e-01
1.049107388544122665e-01
1.039612229734508952e-01
1.030203473362240052e-01
1.020880336440023184e-01
1.011642012827496662e-01
1.002487681806103481e-01
9.934165161920355258e-02
9.844276895836873154e-02
9.755203824240898935e-02
9.666937868081604268e-02
9.579471099254965871e-02
9.492795762262634662e-02
9.406904284626116386e-02
9.321789277372449778e-02
9.237443527740085703e-02
9.153859986495882506e-02
9.071031751193325832e-02
8.988952047533738110e-02
8.907614210749925654e-02
8.827011667338374723e-02
8.747137918951874980e-02
8.667986528526488987e-02
8.589551109245763261e-02
8.511825316242477291e-02
8.434802841099248161e-02
8.358477408782083451e-02
8.282842776695814591e-02
8.207892735404742623e-02
8.133621110630073758e-02
8.060021766067482218e-02
7.987088606663278467e-02
7.914815581992457050e-02
7.843196689495046670e-02
7.772225977341856717e-02
7.701897546767999536e-02
7.632205553937421172e-02
7.563144211116940019e-02
7.494707787288568124e-02
7.426890608308422959e-02
7.359687056540770156e-02
7.293091570172233196e-02
7.227098642220164404e-02
7.161702819399867748e-02
7.096898700880172051e-02
7.032680937006791089e-02
6.969044228071213931e-02
6.905983323161274390e-02
6.843493019073237926e-02
6.781568159409129271e-02
6.720203633809318511e-02
6.659394377213950778e-02
6.599135369365316528e-02
6.539421634335040867e-02
6.480248240178387853e-02
6.421610298597407729e-02
6.363502964674899731e-02
6.305921436700429039e-02
6.248860955872143075e-02
6.192316806122122319e-02
6.136284313879336594e-02
6.080758847785255883e-02
6.025735818468613836e-02
5.971210678197463873e-02
5.917178920594801106e-02
5.863636080257206284e-02
5.810577732418259478e-02
5.757999492606175052e-02
5.705897016178751446e-02
5.654265998042179442e-02
5.603102172167673256e-02
5.552401311249299809e-02
5.502159226314756735e-02
5.452371766324054514e-02
5.403034817835905557e-02
5.354144304614821825e-02
5.305696187265818153e-02
5.257686462238841951e-02
5.210111164326919342e-02
5.162966361808796201e-02
5.116248159438807619e-02
5.069952697094087801e-02
5.024076149527667567e-02
4.978614726095847987e-02
4.933564670423978837e-02
4.888922260098838013e-02
4.844683806388339065e-02
4.800845653937108048e-02
4.757404180469626542e-02
4.714355796492908368e-02
4.671696944355169245e-02
4.629424100592210989e-02
4.587533771550900141e-02
4.546022496000373669e-02
4.504886843971256383e-02
4.464123416561682767e-02
4.423728845627938888e-02
4.383699793493966990e-02
4.344032952694648619e-02
4.304725045703894359e-02
4.265772824044639089e-02
4.227173070418288603e-02
4.188922594871141714e-02
4.151018236251419191e-02
4.113456864019626735e-02
4.076235373637066006e-02
4.039350689580106790e-02
4.002799764885028866e-02
3.966579579031442870e-02
3.930687138661870250e-02
3.895119479281461405e-02
3.859873661443635751e-02
3.824946772893023095e-02
3.790335927727911391e-02
3.756038266166689121e-02
3.722050954291039604e-02
3.688371183845751133e-02
3.654996171969870922e-02
3.621923160993317792e-02
3.589149417687909072e-02
3.556672235030466922e-02
3.524488929126917691e-02
3.492596840725875618e-02
3.460993334675638300e-02
3.429675799682374571e-02
3.398641648070527266e-02
3.367888315080430628e-02
3.337413260649468860e-02
3.307213966147926065e-02
3.277287936087541764e-02
3.247632698499997028e-02
3.218245802133518074e-02
3.189124819867750205e-02
3.160267345004064143e-02
3.131670993144747284e-02
3.103333401467200936e-02
3.075252228520591880e-02
3.047425154051558449e-02
3.019849878795688447e-02
2.992524123848788742e-02
2.965445632184221525e-02
2.938612166072790410e-02
2.912021508288875626e-02
2.885671461732025600e-02
2.859559849176351864e-02
2.833684513112660897e-02
2.808043315034008947e-02
2.782634137357642423e-02
2.757454879892129451e-02
2.732503462028113006e-02
2.707777822695678349e-02
2.683275918389671499e-02
2.658995724736856747e-02
2.634935235810487164e-02
2.611092463341196934e-02
2.587465437278085867e-02
2.564052205395794815e-02
2.540850833133645459e-02
2.517859403038152921e-02
2.495076016227593119e-02
2.472498789720317669e-02
2.450125858062435213e-02
2.427955372650342225e-02
2.405985501177193564e-02
2.384214429207764940e-02
2.362640356979245349e-02
2.341261502789510063e-02
2.320076099704015959e-02
2.299082397249863075e-02
2.278278660331672922e-02
2.257663170897733496e-02
2.237234225107653796e-02
2.216990134978436000e-02
2.196929227544436314e-02
2.177049845580164567e-02
2.157350346603242874e-02
2.137829102733679321e-02
2.118484500991746344e-02
2.099314942990559985e-02
2.080318844505402165e-02
2.061494636361199673e-02
2.042840763186642983e-02
2.024355683524881044e-02
2.006037870020443981e-02
1.987885809142064808e-02
1.969898000634201507e-02
1.952072959076123215e-02
1.934409211206999935e-02
1.916905297544863052e-02
1.899559771794723240e-02
1.882371200737320560e-02
1.865338164114155317e-02
1.848459254517387240e-02
1.831733077279062982e-02
1.815158250358439584e-02
1.798733404227920163e-02
1.782457181759744547e-02
1.766328238113484828e-02
1.750345240621725695e-02
1.734506868675855795e-02
1.718811813615300776e-02
1.703258778620775349e-02
1.687846478607818446e-02
1.672573640118441007e-02
1.657439001213834029e-02
1.642441311370129720e-02
1.627579331375872407e-02
1.612851833229650422e-02
1.598257600030067449e-02
1.583795425887268848e-02
1.569464115824342754e-02
1.555262485679614892e-02
1.541189362011285979e-02
1.527243581998638522e-02
1.513423993345236473e-02
1.499729453848536176e-02
1.486158832645689820e-02
1.472711008106042385e-02
1.459384868743801578e-02
1.446179314136469829e-02
1.433093252798289807e-02
1.420125603472838227e-02
1.407275294444926272e-02
1.394541264254084423e-02
1.381922460772477823e-02
1.369417841204439990e-02
1.357026372336272990e-02
1.344747030301957080e-02
1.332578800148420672e-02
1.320520677157216438e-02
1.308571664656105193e-02
1.296730774935511699e-02
1.284997030425916176e-02
1.273369461200407615e-02
1.261847106512370420e-02
1.250429014306442266e-02
1.239114241141159312e-02
1.227901852113444381e-02
1.216790920776872342e-02
1.205780528716343669e-02
1.194869766887618479e-02
1.184057733408550028e-02
1.173343534917531406e-02
1.162726286134596609e-02
1.152205109261972282e-02
1.141779135977449844e-02
1.131447504378935154e-02
1.121209360749608752e-02
1.111063859144567623e-02
1.101010161276350097e-02
1.091047435928149678e-02
1.081174860948536098e-02
1.071391620080713869e-02
1.061696904965908628e-02
1.052089914556342265e-02
1.042569855049535477e-02
1.033135939828311312e-02
1.023787389392577518e-02
1.014523431064673353e-02
1.005343299860772532e-02
9.962462370245284138e-03
9.872314908959234359e-03
9.782983166186309809e-03
9.694459760838713969e-03
9.606737378633323221e-03
9.519808771478510678e-03
9.433666756750613835e-03
9.348304216701019964e-03
9.263714097896780242e-03
9.179889410703689911e-03
9.096823228828043728e-03
9.014508688659716995e-03
8.932938988773064803e-03
8.852107389283325745e-03
8.772007211364118984e-03
8.692631836652031652e-03
8.613974706699722983e-03
8.536029322388727358e-03
8.458789243391384716e-03
8.382248087619781352e-03
8.306399530728481029e-03
8.231237305613758881e-03
8.156755201601362248e-03
8.082947063067891236e-03
8.009806795263141321e-03
7.937328352822292654e-03
7.865505747088996635e-03
7.794333043570300656e-03
7.723804361481401148e-03
7.653913873240381083e-03
7.584655804001139145e-03
7.516024431182433130e-03
7.448014084007581470e-03
7.380619143006750260e-03
7.313834039579192314e-03
7.247653255494423963e-03
7.182071322465177765e-03
7.117082821655684732e-03
7.052682383239472497e-03
6.988864679431161520e-03
6.925624447106482062e-03
6.862956455550905943e-03
6.800855533463601166e-03
6.739316544830842304e-03
6.678334399861540760e-03
6.617904069550373247e-03
6.558020555987587041e-03
6.498678911105948419e-03
6.439874231720044140e-03
6.381601658982882785e-03
6.323856377347947255e-03
6.266633612521943508e-03
6.209928644376860873e-03
6.153736783248153763e-03
6.098053386195290138e-03
6.042873852277086399e-03
5.988193622172843789e-03
5.934008177808924867e-03
5.880313041982110356e-03
5.827103777992947986e-03
5.774375989286262278e-03
5.722125319103765761e-03
5.670347450121182575e-03
5.619038104104190356e-03
5.568193041535496324e-03
5.517808050811034981e-03
5.467878989528829337e-03
5.418401722254773123e-03
5.369372160552610129e-03
5.320786253281917233e-03
5.272639985981986133e-03
5.224929380522658207e-03
5.177650494752938926e-03
5.130799422143228483e-03
5.084372291518923781e-03
5.038365266732847125e-03
4.992774546372591438e-03
4.947596363431450150e-03
4.902826984997554760e-03
4.858462711901101461e-03
4.814499878408096123e-03
4.770934851962449486e-03
4.727764032908476910e-03
4.684983854153446092e-03
4.642590780888022906e-03
4.600581310266693702e-03
4.558951971139701964e-03
4.517699323780322018e-03
4.476819959615796485e-03
4.436310500933238199e-03
4.396167600593081648e-03
4.356387941757633442e-03
4.316968237596974234e-03
4.277905227940748123e-03
4.239195690628583257e-03
4.200836425620080306e-03
4.162824259019981543e-03
4.125156052244616234e-03
4.087828698350115531e-03
4.050839102785364076e-03
4.014184223003425256e-03
3.977861022784523470e-03
3.941866500865753853e-03
3.906197683086198857e-03
3.870851622182869267e-03
3.835825397547065752e-03
3.801116115015878982e-03
3.766720906630993682e-03
3.732636930424582111e-03
3.698861370174000296e-03
3.665391435154541355e-03
3.632224359903013511e-03
3.599357403986369608e-03
3.566787851777719620e-03
3.534513012223183814e-03
3.502530217871113738e-03
3.470836826608925119e-03
3.439430220842587538e-03
3.408307804542376473e-03
3.377467006109469150e-03
3.346905277206491114e-03
3.316620092548017151e-03
3.286608948548541687e-03
3.256869367793291392e-03
3.227398891838817452e-03
3.198195085543475980e-03
3.169255534075821057e-03
3.140577850439085772e-03
3.112159662080449252e-03
3.083998617179284363e-03
3.056092398959042722e-03
3.028438696102031535e-03
3.001035223721137957e-03
2.973879717565741654e-03
2.946969933866061542e-03
2.920303649135091995e-03
2.893878659995130498e-03
2.867692780993080781e-03
2.841743848820410534e-03
2.816029718186952024e-03
2.790548273854165373e-03
2.765297403735877957e-03
2.740275021061777672e-03
2.715479056522196455e-03
2.690907466174119467e-03
2.666558217130465813e-03
2.642429297491977191e-03
2.618518713561446276e-03
2.594824489668468015e-03
2.571344668021557922e-03
2.548077308556384590e-03
2.525020488774787353e-03
2.502172303570637801e-03
2.479530865068024781e-03
2.457094302070583769e-03
2.434860759145451858e-03
2.412828400615796287e-03
2.390995409417007167e-03
2.369359978604212991e-03
2.347920316759122272e-03
2.326674659800520573e-03
2.305621247414402220e-03
2.284758340757309103e-03
2.264084216035855412e-03
2.243597164502342256e-03
2.223295495046240244e-03
2.203177531078737150e-03
2.183241605341834646e-03
2.163486078578524818e-03
2.143909313989722509e-03
2.124509694016951666e-03
2.105285615733809568e-03
2.086235490701082718e-03
2.067357742812581112e-03
2.048650816235120242e-03
2.030113162288460504e-03
2.011743251412401179e-03
1.993539562033019852e-03
1.975500593959733653e-03
1.957624856564144089e-03
1.939910869613425959e-03
1.922357171744382143e-03
1.904962313877212043e-03
1.887724853551708826e-03
1.870643370554703200e-03
1.853716453132592257e-03
1.836942704853516961e-03
1.820320738323999432e-03
1.803849179133232283e-03
1.787526666252536867e-03
1.771351850909708148e-03
1.755323395672858666e-03
1.739439975819379036e-03
1.723700281853368654e-03
1.708103012778072749e-03
1.692646876798653555e-03
1.677330600947990469e-03
1.662152916858838925e-03
1.647112569074460353e-03
1.632208317775107886e-03
1.617438929818082460e-03
1.602803187564894039e-03
1.588299879597687703e-03
1.573927809505104580e-03
1.559685788483755609e-03
1.545572639467862608e-03
1.531587196294703634e-03
1.517728303362608777e-03
1.503994815016507225e-03
1.490385595108556505e-03
1.476899522530605857e-03
1.463535482438216295e-03
1.450292367348948730e-03
1.437169086410838847e-03
1.424164553971374314e-03
1.411277696179213947e-03
1.398507447822106009e-03
1.385852753768068713e-03
1.373312568374696063e-03
1.360885855472837580e-03
1.348571589249669689e-03
1.336368750916694381e-03
1.324276331626905723e-03
1.312293334014447144e-03
1.300418767174404966e-03
1.288651650678040994e-03
