0.000000000000000000e+00
-2.143448167502307814e-04
-2.092612645559762102e-03
-5.932476141827567814e-03
-1.133755818938720836e-02
-1.942554522166557718e-02
-2.872629659154015552e-02
-3.559624248150960318e-02
-3.941534893701284514e-02
-4.072796365460065737e-02
-3.967897162728726418e-02
-3.792662722140160980e-02
-3.713583264383983618e-02
-3.744323562888943191e-02
-3.876024375776664088e-02
-4.083943167028744603e-02
-4.275441713220533291e-02
-4.397078622734776343e-02
-4.454949266803519964e-02
-4.454046601136311262e-02
-4.421533848964524782e-02
-4.403972193905487942e-02
-4.417021711620713886e-02
-4.456536867324292078e-02
-4.517780723216890948e-02
-4.581741807481920503e-02
-4.628968140043644708e-02
-4.656680726233779904e-02
-4.667369043827535036e-02
-4.666007166599047545e-02
-4.663940882065252536e-02
-4.668656948363325565e-02
-4.680286422181864636e-02
-4.697564276299374258e-02
-4.716905062012323457e-02
-4.732878899738479639e-02
-4.743304516621832390e-02
-4.748742117546338182e-02
-4.750330813937897467e-02
-4.750586983876538272e-02
-4.752035516012950017e-02
-4.755310722793704842e-02
-4.760105854344142545e-02
-4.765707155918737919e-02
-4.770792809127949452e-02
-4.774453181311141825e-02
-4.776663742326042739e-02
-4.777713373626163440e-02
-4.778149820449789642e-02
-4.778682611761368021e-02
-4.779656096019367639e-02
-4.781042271376172853e-02
-4.782683740284027207e-02
-4.784280533750966125e-02
-4.785539976428766773e-02
-4.786385552881617517e-02
-4.786881414753264841e-02
-4.787152549473973340e-02
-4.787379967049696511e-02
-4.787693938313183906e-02
-4.788114888247665957e-02
-4.788608752212293596e-02
-4.789108695454573350e-02
-4.789533593936144695e-02
-4.789844096514386113e-02
-4.790049023442498333e-02
-4.790178225889252239e-02
-4.790276172713286984e-02
-4.790384079620654822e-02
-4.790516903923050518e-02
-4.790669175309867495e-02
-4.790825936219325620e-02
-4.790966618914790920e-02
-4.791076820019021798e-02
-4.791155509806990787e-02
-4.791209642630803872e-02
-4.791250136938975113e-02
-4.791288755394736837e-02
-4.791332032162626264e-02
-4.791380063851971571e-02
-4.791429585342901754e-02
-4.791475640063760921e-02
-4.791513786151398169e-02
-4.791542706922341521e-02
-4.791563832380170418e-02
-4.791579865384699294e-02
-4.791593987065284610e-02
-4.791608502192398755e-02
-4.791623992208642741e-02
-4.791639835130220154e-02
-4.791654859401588834e-02
-4.791667846238303885e-02
-4.791678182602280428e-02
-4.791686079310594759e-02
-4.791692206416825472e-02
-4.791697400195209233e-02
-4.791702385132118325e-02
-4.791707485975514602e-02
-4.791712623740362192e-02
-4.791717540202478781e-02
-4.791721919473332369e-02
-4.791725543997197440e-02
-4.791728413302165368e-02
-4.791730689979463442e-02
-4.791732598757601075e-02
-4.791734340536988462e-02
-4.791736055510124881e-02
-4.791737749367504934e-02
-4.791739364957282865e-02
-4.791740830421504366e-02
-4.791742078792534526e-02
-4.791743100125312599e-02
-4.791743929403964597e-02
-4.791744628386047922e-02
-4.791745246473791409e-02
-4.791745826028014077e-02
-4.791746395072448567e-02
-4.791746928872624156e-02
-4.791747414489527790e-02
-4.791747846614868162e-02
-4.791748207590480757e-02
-4.791748505128293895e-02
-4.791748761272496271e-02
-4.791748979192782254e-02
-4.791749174463212635e-02
-4.791749358770625716e-02
-4.791749531709069837e-02
-4.791749699045910749e-02
-4.791749849352940072e-02
-4.791749975430877745e-02
-4.791750083975163804e-02
-4.791750174268088330e-02
-4.791750249531526173e-02
-4.791750318656641527e-02
-4.791750385577588783e-02
-4.791750447419361458e-02
-4.791750504165319391e-02
-4.791750553995692552e-02
-4.791750594034174804e-02
-4.791750627707941357e-02
-4.791750659201858553e-02
-4.791750688128380842e-02
-4.791750713087448987e-02
-4.791750736066041627e-02
-4.791750755229010061e-02
-4.791750773426540350e-02
-4.791750792180025920e-02
-4.791750809129141642e-02
-4.791750815784757978e-02
-4.791750824736393244e-02
-4.791750832840971364e-02
-4.791750841354057433e-02
-4.791750855398604902e-02
-4.791750868872851621e-02
-4.791750870817833990e-02
-4.791750871726729866e-02
-4.791750878575159328e-02
-4.791750889619562914e-02
-4.791750897225794531e-02
-4.791750898377532958e-02
-4.791750892476512314e-02
-4.791750886435438422e-02
-4.791750887513300527e-02
-4.791750898633868189e-02
-4.791750908188558561e-02
-4.791750906071082228e-02
-4.791750902289853425e-02
-4.791750907197518672e-02
-4.791750910003364505e-02
-4.791750917666270926e-02
-4.791750916306574543e-02
-4.791750926300338692e-02
-4.791750924187621052e-02
-4.791750916265154203e-02
-4.791750917016823069e-02
-4.791750905708720698e-02
-4.791750905630445811e-02
-4.791750901754748826e-02
-4.791750913250045207e-02
-4.791750923437803483e-02
-4.791750906185418546e-02
-4.791750901255668882e-02
-4.791750916780239400e-02
-4.791750921342985414e-02
-4.791750922223048104e-02
-4.791750932707386501e-02
-4.791750919731389835e-02
-4.791750905912621483e-02
-4.791750912670415807e-02
-4.791750912982735422e-02
-4.791750917896948903e-02
-4.791750925252695470e-02
-4.791750925097646580e-02
-4.791750921627289245e-02
-4.791750914781789383e-02
-4.791750909991172175e-02
-4.791750912627107395e-02
-4.791750916397652382e-02
-4.791750920832943406e-02
-4.791750925412092965e-02
-4.791750925150919938e-02
-4.791750923832827080e-02
-4.791750922477026886e-02
-4.791750916237041968e-02
-4.791750914961234731e-02
-4.791750914699722391e-02
-4.791750914083044155e-02
-4.791750918987053298e-02
-4.791750921083386128e-02
-4.791750917265295839e-02
-4.791750919617187437e-02
-4.791750920049850371e-02
-4.791750918212237670e-02
-4.791750920950137160e-02
-4.791750916951596079e-02
-4.791750917619504169e-02
-4.791750921095070531e-02
-4.791750917844505436e-02
-4.791750919457361813e-02
-4.791750922551581138e-02
-4.791750916764597745e-02
-4.791750916930374860e-02
-4.791750919433496181e-02
-4.791750918774066725e-02
-4.791750916871694022e-02
-4.791750920267424940e-02
-4.791750922079585084e-02
-4.791750919995046987e-02
-4.791750920947641934e-02
-4.791750915016021461e-02
-4.791750912098485804e-02
-4.791750914310254073e-02
-4.791750916181872905e-02
-4.791750918111276764e-02
-4.791750917415983635e-02
-4.791750918386729341e-02
-4.791750920490482624e-02
-4.791750920273941949e-02
-4.791750922258523893e-02
-4.791750920066294162e-02
-4.791750917173812768e-02
-4.791750917889708861e-02
-4.791750917406022159e-02
-4.791750918105491808e-02
-4.791750923437294862e-02
-4.791750923105789206e-02
-4.791750920110639939e-02
-4.791750921278661868e-02
-4.791750917262704856e-02
-4.791750912115710914e-02
-4.791750914433806630e-02
-4.791750914679565598e-02
-4.791750915565900354e-02
-4.791750920674996833e-02
-4.791750922247929589e-02
-4.791750924579993992e-02
-4.791750925587254240e-02
-4.791750920974986727e-02
-4.791750915867251659e-02
-4.791750914057975319e-02
-4.791750912552845965e-02
-4.791750914286545954e-02
-4.791750919611036108e-02
-4.791750920426946642e-02
-4.791750921360122401e-02
-4.791750920586856921e-02
-4.791750918117895774e-02
-4.791750917850678970e-02
-4.791750918190933184e-02
-4.791750918000635406e-02
-4.791750919835978395e-02
-4.791750920048142709e-02
-4.791750921883095732e-02
-4.791750921893465215e-02
-4.791750918217922706e-02
-4.791750915715699277e-02
-4.791750913412341772e-02
-4.791750913584057192e-02
-4.791750917544577992e-02
-4.791750920747148146e-02
-4.791750923462401168e-02
-4.791750921761662313e-02
-4.791750918355171251e-02
-4.791750916162504370e-02
-4.791750914518043414e-02
-4.791750914722191224e-02
-4.791750917948317534e-02
-4.791750922423158171e-02
-4.791750925524738969e-02
-4.791750923739117318e-02
-4.791750921374945960e-02
-4.791750916465865873e-02
-4.791750911485659348e-02
-4.791750913945459767e-02
-4.791750915259376103e-02
-4.791750918062860631e-02
-4.791750921480356085e-02
-4.791750920605905573e-02
-4.791750919856422458e-02
-4.791750920142143211e-02
-4.791750919411252169e-02
-4.791750918079978189e-02
-4.791750917820643274e-02
-4.791750918088456129e-02
-4.791750918681331184e-02
-4.791750919809714682e-02
-4.791750919537673958e-02
-4.791750918301290740e-02
-4.791750917444759922e-02
-4.791750917370571350e-02
-4.791750917594458925e-02
-4.791750918093293926e-02
-4.791750918992913888e-02
-4.791750919472000103e-02
-4.791750919760871807e-02
-4.791750920412356923e-02
-4.791750919451820412e-02
-4.791750918357189082e-02
-4.791750917680536598e-02
-4.791750917544695260e-02
-4.791750918246796831e-02
-4.791750919321345614e-02
-4.791750918323418873e-02
-4.791750918257710323e-02
-4.791750918106131574e-02
-4.791750916468889843e-02
-4.791750918524631531e-02
-4.791750919460578684e-02
-4.791750918692068428e-02
-4.791750919248254775e-02
-4.791750919451105706e-02
-4.791750917885453931e-02
-4.791750918372127827e-02
-4.791750920217878462e-02
-4.791750916382939152e-02
-4.791750916302443819e-02
-4.791750919106278761e-02
-4.791750918696123518e-02
-4.791750919938150832e-02
-4.791750922783544198e-02
-4.791750919889274651e-02
-4.791750917663764597e-02
-4.791750918756250421e-02
-4.791750917142255373e-02
-4.791750915991751375e-02
-4.791750917351891847e-02
-4.791750918033457762e-02
-4.791750919159588895e-02
-4.791750920415124154e-02
-4.791750919588286250e-02
-4.791750919100706829e-02
-4.791750919020002636e-02
-4.791750918897243888e-02
-4.791750918096383122e-02
-4.791750917656205366e-02
-4.791750917113922481e-02
-4.791750917463765552e-02
-4.791750918864658149e-02
-4.791750919090359551e-02
-4.791750919764062311e-02
-4.791750920103102912e-02
-4.791750918529798231e-02
-4.791750918262784043e-02
-4.791750918307624563e-02
-4.791750917276709626e-02
-4.791750918087148842e-02
-4.791750919142058474e-02
-4.791750918743754861e-02
-4.791750919010923787e-02
-4.791750919036165401e-02
-4.791750918372057744e-02
-4.791750918556279826e-02
-4.791750918451168073e-02
-4.791750918314171409e-02
-4.791750918524508712e-02
-4.791750918499546041e-02
-4.791750918601050263e-02
-4.791750918379599627e-02
-4.791750918672386950e-02
-4.791750918982505547e-02
-4.791750919163557942e-02
-4.791750919073628490e-02
-4.791750918569750994e-02
-4.791750918192411168e-02
-4.791750917669081178e-02
-4.791750917134411647e-02
-4.791750917455853825e-02
-4.791750918458372727e-02
-4.791750918441840812e-02
-4.791750919505066014e-02
-4.791750919865563063e-02
-4.791750918824749794e-02
-4.791750918802247655e-02
-4.791750919342503690e-02
-4.791750918839189632e-02
-4.791750918577004220e-02
-4.791750918765371597e-02
-4.791750918553203120e-02
-4.791750917887676459e-02
-4.791750918207636489e-02
-4.791750918658550795e-02
-4.791750918601307696e-02
-4.791750918495259193e-02
-4.791750918858275754e-02
-4.791750919374437867e-02
-4.791750919004758580e-02
-4.791750918726517261e-02
-4.791750918859782882e-02
-4.791750918134950188e-02
-4.791750917689313605e-02
-4.791750918482835103e-02
-4.791750918645334284e-02
-4.791750918567397322e-02
-4.791750919165510547e-02
-4.791750919005555165e-02
-4.791750918237730472e-02
-4.791750918206222343e-02
-4.791750918336758203e-02
-4.791750918210478660e-02
-4.791750918403608894e-02
-4.791750918700532491e-02
-4.791750918804484755e-02
-4.791750918826214595e-02
-4.791750918734105635e-02
-4.791750918568649792e-02
-4.791750918522749009e-02
-4.791750918552754868e-02
-4.791750918355393296e-02
-4.791750918595416575e-02
-4.791750918639363366e-02
-4.791750918165954554e-02
-4.791750918515884361e-02
-4.791750918804740106e-02
-4.791750918684370419e-02
-4.791750919082432558e-02
-4.791750919109133422e-02
-4.791750918640086399e-02
-4.791750918446380236e-02
-4.791750918239419399e-02
-4.791750918284394534e-02
-4.791750918429628359e-02
-4.791750918853906333e-02
-4.791750918713806595e-02
-4.791750918654798935e-02
-4.791750918585117175e-02
-4.791750918425946582e-02
-4.791750918616215216e-02
-4.791750919039181045e-02
-4.791750918899480294e-02
-4.791750918443409696e-02
-4.791750918511789026e-02
-4.791750918071678578e-02
-4.791750918079458466e-02
-4.791750918520244762e-02
-4.791750918630681422e-02
-4.791750918768296341e-02
-4.791750918882453636e-02
-4.791750918784463270e-02
-4.791750918566820699e-02
-4.791750918524824432e-02
-4.791750918599931020e-02
-4.791750918607516618e-02
-4.791750918398887671e-02
-4.791750918511978458e-02
-4.791750918437478329e-02
-4.791750918401240650e-02
-4.791750918641900225e-02
-4.791750918828483613e-02
-4.791750918751903898e-02
-4.791750918701159767e-02
-4.791750918766454759e-02
-4.791750918627937089e-02
-4.791750918512538426e-02
-4.791750918560411243e-02
-4.791750918527397374e-02
-4.791750918423569316e-02
-4.791750918433752837e-02
-4.791750918634047479e-02
-4.791750918525716774e-02
-4.791750918574729651e-02
-4.791750918737838760e-02
-4.791750918665275971e-02
-4.791750918702358808e-02
-4.791750918802163695e-02
-4.791750918708968798e-02
-4.791750918353019500e-02
-4.791750918522409003e-02
-4.791750918489363908e-02
-4.791750918390436098e-02
-4.791750918818220989e-02
-4.791750918794193681e-02
-4.791750918627644268e-02
-4.791750918668326309e-02
-4.791750918605471032e-02
-4.791750918376010138e-02
-4.791750918513751345e-02
-4.791750918665808878e-02
-4.791750918530161829e-02
-4.791750918628277789e-02
-4.791750918697528644e-02
-4.791750918574384788e-02
-4.791750918492584943e-02
-4.791750918486098465e-02
-4.791750918395189240e-02
-4.791750918442078816e-02
-4.791750918495510381e-02
-4.791750918724771435e-02
-4.791750918803640291e-02
-4.791750918767315182e-02
-4.791750918789001307e-02
-4.791750918668952891e-02
-4.791750918474703413e-02
-4.791750918288506522e-02
-4.791750918466813891e-02
-4.791750918600683889e-02
-4.791750918650514168e-02
-4.791750918833874440e-02
-4.791750918754414390e-02
-4.791750918547814375e-02
-4.791750918523899477e-02
-4.791750918543370708e-02
-4.791750918507570178e-02
-4.791750918530306852e-02
-4.791750918536310383e-02
-4.791750918522821867e-02
-4.791750918654299335e-02
-4.791750918744498017e-02
-4.791750918716572438e-02
-4.791750918679624216e-02
-4.791750918508736606e-02
-4.791750918414108829e-02
-4.791750918481840760e-02
-4.791750918509930096e-02
-4.791750918664933190e-02
-4.791750918738468118e-02
-4.791750918700485307e-02
-4.791750918731196851e-02
-4.791750918631472456e-02
-4.791750918527586112e-02
-4.791750918520477909e-02
-4.791750918488826144e-02
-4.791750918519340624e-02
-4.791750918592743713e-02
-4.791750918608157772e-02
-4.791750918584721658e-02
-4.791750918592067865e-02
-4.791750918524313035e-02
-4.791750918574824714e-02
-4.791750918590995806e-02
-4.791750918618062349e-02
-4.791750918745427135e-02
-4.791750918734154208e-02
-4.791750918618255251e-02
-4.791750918559378042e-02
-4.791750918543783572e-02
-4.791750918459944386e-02
-4.791750918482041988e-02
-4.791750918585601510e-02
-4.791750918628334688e-02
-4.791750918611636934e-02
-4.791750918609460896e-02
-4.791750918609455345e-02
-4.791750918564376821e-02
-4.791750918503459578e-02
-4.791750918579526508e-02
-4.791750918656054181e-02
-4.791750918631498823e-02
-4.791750918641871082e-02
-4.791750918624168576e-02
-4.791750918608342347e-02
-4.791750918577077079e-02
-4.791750918576037632e-02
-4.791750918583140284e-02
-4.791750918589685743e-02
-4.791750918571684170e-02
-4.791750918595534536e-02
-4.791750918579417567e-02
-4.791750918546694438e-02
-4.791750918586518138e-02
-4.791750918578957519e-02
-4.791750918600269638e-02
-4.791750918619442495e-02
-4.791750918611721588e-02
-4.791750918605748588e-02
-4.791750918588681685e-02
-4.791750918607659560e-02
-4.791750918576046653e-02
-4.791750918581198782e-02
-4.791750918631339229e-02
-4.791750918590813313e-02
-4.791750918570163859e-02
-4.791750918559209427e-02
-4.791750918541975990e-02
-4.791750918569283313e-02
-4.791750918633623513e-02
-4.791750918630848649e-02
-4.791750918604707754e-02
-4.791750918597188075e-02
-4.791750918585198360e-02
-4.791750918593495889e-02
