0.000000000000000000e+00
5.824165231484422847e-03
1.935562879916350246e-02
3.148340181979139563e-02
3.332950445099920611e-02
1.992950442873228645e-02
-9.240794014799009332e-03
-5.163804403892154060e-02
-1.033543523985160362e-01
-1.603598289699209034e-01
-2.191594731088960246e-01
-2.770209176522734351e-01
-3.319629788768118095e-01
-3.826413589085074785e-01
-4.282103241362194002e-01
-4.681992205293722398e-01
-5.024179302832502136e-01
-5.308909052466006528e-01
-5.538124045447534449e-01
-5.715139921792846689e-01
-5.844370543094763448e-01
-5.931060397361729297e-01
-5.981008923355370932e-01
-6.000290658607574379e-01
-5.994984925952734356e-01
-5.970931130233804174e-01
-5.933523393555668601e-01
-5.887553640952392087e-01
-5.837107077194653160e-01
-5.785509296357342901e-01
-5.735320538471535556e-01
-5.688370007409915274e-01
-5.645821648713993390e-01
-5.608262214890111785e-01
-5.575802639659316329e-01
-5.548184515609579925e-01
-5.524884643981038401e-01
-5.505212039130442658e-01
-5.488393281808376933e-01
-5.473643605802056555e-01
-5.460222477544212083e-01
-5.447473619417876334e-01
-5.434850391394629998e-01
-5.421928162494629166e-01
-5.408405773992410737e-01
-5.394098437575211014e-01
-5.378924453308568943e-01
-5.362888011583596404e-01
-5.346060101163865319e-01
-5.328559223008899615e-01
-5.310533244900472738e-01
-5.292143358128893471e-01
-5.273550741609182024e-01
-5.254906220789674620e-01
-5.236342941816576335e-01
-5.217971872552924495e-01
-5.199879792655404120e-01
-5.182129342043280129e-01
-5.164760654558644415e-01
-5.147794103107906638e-01
-5.131233714721751271e-01
-5.115070869207758442e-01
-5.099287964364156434e-01
-5.083861806087429658e-01
-5.068766556524741951e-01
-5.053976142610154820e-01
-5.039466087342125977e-01
-5.025214774913731031e-01
-5.011204197479259825e-01
-4.997420256141857919e-01
-4.983852702681509927e-01
-4.970494813154573421e-01
-4.957342881625810271e-01
-4.944395613885207985e-01
-4.931653488949447883e-01
-4.919118142159584206e-01
-4.906791809206177968e-01
-4.894676856586301361e-01
-4.882775411655087550e-01
-4.871089095108012690e-01
-4.859618850674789492e-01
-4.848364861059438757e-01
-4.837326535585499410e-01
-4.826502553339521162e-01
-4.815890945513443544e-01
-4.805489201755566153e-01
-4.795294387280403248e-01
-4.785303259920183350e-01
-4.775512378931943691e-01
-4.765918199961673984e-01
-4.756517152934499615e-01
-4.747305701666389988e-01
-4.738280385616129853e-01
-4.729437845391043505e-01
-4.720774834402760023e-01
-4.712288219487514862e-01
-4.703974973413432292e-01
-4.695832162061934767e-01
-4.687856928762531017e-01
-4.680046477844769237e-01
-4.672398059006046545e-01
-4.664908953622507459e-01
-4.657576463692818525e-01
-4.650397903725102533e-01
-4.643370595566522763e-01
-4.636491865941894663e-01
-4.629759046311167081e-01
-4.623169474568186166e-01
-4.616720498073050294e-01
-4.610409477525914124e-01
-4.604233791240494034e-01
-4.598190839447171552e-01
-4.592278048337914420e-01
-4.586492873651798474e-01
-4.580832803677218346e-01
-4.575295361616576462e-01
-4.569878107317259519e-01
-4.564578638413540057e-01
-4.559394590954946036e-01
-4.554323639613973018e-01
-4.549363497571037307e-01
-4.544511916169955978e-01
-4.539766684428777621e-01
-4.535125628478231530e-01
-4.530586610985027907e-01
-4.526147530601675184e-01
-4.521806321468425094e-01
-4.517560952778937322e-01
-4.513409428413713842e-01
-4.509349786648825242e-01
-4.505380099843454555e-01
-4.501498474308385234e-01
-4.497703050041889083e-01
-4.493992000590363300e-01
-4.490363532831195270e-01
-4.486815886764368155e-01
-4.483347335279888046e-01
-4.479956183893594734e-01
-4.476640770454601848e-01
-4.473399464822506721e-01
-4.470230668480230651e-01
-4.467132814189115342e-01
-4.464104365549927955e-01
-4.461143816599917322e-01
-4.458249691379151392e-01
-4.455420543457740412e-01
-4.452654955487087562e-01
-4.449951538738294854e-01
-4.447308932639788548e-01
-4.444725804317837814e-01
-4.442200848139850056e-01
-4.439732785263852399e-01
-4.437320363190494499e-01
-4.434962355293294856e-01
-4.432657560423632903e-01
-4.430404802443381196e-01
-4.428202929780632457e-01
-4.426050815037886332e-01
-4.423947354537297039e-01
-4.421891467904026651e-01
-4.419882097643857977e-01
-4.417918208725776785e-01
-4.415998788166019540e-01
-4.414122844593248995e-01
-4.412289407892842075e-01
-4.410497528754699914e-01
-4.408746278308371958e-01
-4.407034747704058897e-01
-4.405362047746402276e-01
-4.403727308484293168e-01
-4.402129678838011539e-01
-4.400568326236766747e-01
-4.399042436227831310e-01
-4.397551212120635045e-01
-4.396093874643172139e-01
-4.394669661561956264e-01
-4.393277827356980580e-01
-4.391917642869390681e-01
-4.390588394974472286e-01
-4.389289386247101632e-01
-4.388019934633492491e-01
-4.386779373133805060e-01
-4.385567049489186853e-01
-4.384382325874578434e-01
-4.383224578594403509e-01
-4.382093197790363770e-01
-4.380987587142876616e-01
-4.379907163588676600e-01
-4.378851357033191616e-01
-4.377819610082097634e-01
-4.376811377766161026e-01
-4.375826127276679633e-01
-4.374863337700605204e-01
-4.373922499775223516e-01
-4.373003115611213687e-01
-4.372104698483419982e-01
-4.371226772567007313e-01
-4.370368872706977270e-01
-4.369530544179113241e-01
-4.368711342460832592e-01
-4.367910833027519590e-01
-4.367128591115650993e-01
-4.366364201519993271e-01
-4.365617258379458909e-01
-4.364887364971575812e-01
-4.364174133513554765e-01
-4.363477184963903133e-01
-4.362796148829687359e-01
-4.362130662980277518e-01
-4.361480373460849824e-01
-4.360844934308502063e-01
-4.360224007380845146e-01
-4.359617262181911812e-01
-4.359024375685146002e-01
-4.358445032174955713e-01
-4.357878923079707700e-01
-4.357325746819804557e-01
-4.356785208638273010e-01
-4.356257020465254537e-01
-4.355740900757321121e-01
-4.355236574354720558e-01
-4.354743772338169894e-01
-4.354262231890412282e-01
-4.353791696157548463e-01
-4.353331914112934520e-01
-4.352882640431705585e-01
-4.352443635361607499e-01
-4.352014664594955340e-01
-4.351595499155979652e-01
-4.351185915265386450e-01
-4.350785694235206336e-01
-4.350394622349003093e-01
-4.350012490750791994e-01
-4.349639095336133021e-01
-4.349274236645639946e-01
-4.348917719759330947e-01
-4.348569354194399272e-01
-4.348228953803049412e-01
-4.347896336678305218e-01
-4.347571325048876778e-01
-4.347253745197836028e-01
-4.346943427366024570e-01
-4.346640205664051848e-01
-4.346343917976208671e-01
-4.346054405886570216e-01
-4.345771514590556772e-01
-4.345495092810455207e-01
-4.345224992720190249e-01
-4.344961069860939773e-01
-4.344703183067789576e-01
-4.344451194400202887e-01
-4.344204969062175903e-01
-4.343964375332957650e-01
-4.343729284496472554e-01
-4.343499570775288809e-01
-4.343275111260349042e-01
-4.343055785849021522e-01
-4.342841477176470066e-01
-4.342632070559122592e-01
-4.342427453931405057e-01
-4.342227517784257307e-01
-4.342032155109530889e-01
-4.341841261342820890e-01
-4.341654734309299268e-01
-4.341472474166909734e-01
-4.341294383352757857e-01
-4.341120366532814634e-01
-4.340950330550312208e-01
-4.340784184378441157e-01
-4.340621839068948828e-01
-4.340463207703990633e-01
-4.340308205352674253e-01
-4.340156749022138216e-01
-4.340008757617023205e-01
-4.339864151894611832e-01
-4.339722854423831988e-01
-4.339584789543247667e-01
-4.339449883321785384e-01
-4.339318063516854895e-01
-4.339189259536901377e-01
-4.339063402404788605e-01
-4.338940424717062649e-01
-4.338820260612448187e-01
-4.338702845733821700e-01
-4.338588117196684468e-01
-4.338476013553892452e-01
-4.338366474763983849e-01
-4.338259442158630685e-01
-4.338154858410191439e-01
-4.338052667502151349e-01
-4.337952814697296766e-01
-4.337855246511078677e-01
-4.337759910681183717e-01
-4.337666756139494928e-01
-4.337575732985738952e-01
-4.337486792461011653e-01
-4.337399886921526893e-01
-4.337314969812557930e-01
-4.337231995645255411e-01
-4.337150919971379248e-01
-4.337071699358443500e-01
-4.336994291367119447e-01
-4.336918654528734152e-01
-4.336844748323647192e-01
-4.336772533159258813e-01
-4.336701970347927038e-01
-4.336633022086298084e-01
-4.336565651435063118e-01
-4.336499822300166618e-01
-4.336435499413697214e-01
-4.336372648313906453e-01
-4.336311235327734437e-01
-4.336251227551966014e-01
-4.336192592836899395e-01
-4.336135299767864826e-01
-4.336079317647708598e-01
-4.336024616482019867e-01
-4.335971166963459855e-01
-4.335918940454952519e-01
-4.335867908974117002e-01
-4.335818045178852498e-01
-4.335769322351957222e-01
-4.335721714387481551e-01
-4.335675195777322077e-01
-4.335629741597195608e-01
-4.335585327492455510e-01
-4.335541929665525096e-01
-4.335499524863897225e-01
-4.335458090367372286e-01
-4.335417603974269785e-01
-4.335378043991106045e-01
-4.335339389220981277e-01
-4.335301618951906133e-01
-4.335264712945389176e-01
-4.335228651425471202e-01
-4.335193415069038547e-01
-4.335158984995052256e-01
-4.335125342754984068e-01
-4.335092470322037816e-01
-4.335060350081390013e-01
-4.335028964821298070e-01
-4.334998297723824390e-01
-4.334968332356189391e-01
-4.334939052661969106e-01
-4.334910442952607523e-01
-4.334882487898158443e-01
-4.334855172519174182e-01
-4.334828482179425291e-01
-4.334802402578092906e-01
-4.334776919741509249e-01
-4.334752020014585039e-01
-4.334727690053911675e-01
-4.334703916820867864e-01
-4.334680687575444002e-01
-4.334657989869480366e-01
-4.334635811540488159e-01
-4.334614140704849961e-01
-4.334592965750635463e-01
-4.334572275331439739e-01
-4.334552058360402471e-01
-4.334532304004021785e-01
-4.334513001676306709e-01
-4.334494141033489178e-01
-4.334475711968905909e-01
-4.334457704607062589e-01
-4.334440109298364763e-01
-4.334422916614451005e-01
-4.334406117343003739e-01
-4.334389702482428497e-01
-4.334373663236854579e-01
-4.334357991011346112e-01
-4.334342677407436173e-01
-4.334327714218553784e-01
-4.334313093425730123e-01
-4.334298807193635028e-01
-4.334284847866352042e-01
-4.334271207963495964e-01
-4.334257880176239919e-01
-4.334244857363043768e-01
-4.334232132545456917e-01
-4.334219698904427931e-01
-4.334207549777212010e-01
-4.334195678654012562e-01
-4.334184079173756254e-01
-4.334172745120442594e-01
-4.334161670419943713e-01
-4.334150849136979011e-01
-4.334140275472377901e-01
-4.334129943760455239e-01
-4.334119848465530778e-01
-4.334109984178091679e-01
-4.334100345611970329e-01
-4.334090927602312071e-01
-4.334081725102887916e-01
-4.334072733182869896e-01
-4.334063947023712449e-01
-4.334055361916535620e-01
-4.334046973259497171e-01
-4.334038776555813599e-01
-4.334030767412317964e-01
-4.334022941537370999e-01
-4.334015294738288171e-01
-4.334007822918063413e-01
-4.334000522072928296e-01
-4.333993388290949822e-01
-4.333986417750002040e-01
-4.333979606714861710e-01
-4.333972951534806883e-01
-4.333966448642725400e-01
-4.333960094553830911e-01
-4.333953885863106592e-01
-4.333947819242958133e-01
-4.333941891442292804e-01
-4.333936099285455867e-01
-4.333930439669932966e-01
-4.333924909563748873e-01
-4.333919506003562905e-01
-4.333914226093051880e-01
-4.333909067001867621e-01
-4.333904025964965268e-01
-4.333899100280824701e-01
-4.333894287309265070e-01
-4.333889584470084211e-01
-4.333884989242483554e-01
-4.333880499164293187e-01
-4.333876111830307076e-01
-4.333871824890379587e-01
-4.333867636047851746e-01
-4.333863543058135148e-01
-4.333859543727459629e-01
-4.333855635912404747e-01
-4.333851817519189797e-01
-4.333848086501810304e-01
-4.333844440860291081e-01
-4.333840878640292660e-01
-4.333837397932686075e-01
-4.333833996872558658e-01
-4.333830673638034980e-01
-4.333827426449087805e-01
-4.333824253566125329e-01
-4.333821153288787142e-01
-4.333818123955094359e-01
-4.333815163941005522e-01
-4.333812271660061888e-01
-4.333809445562393226e-01
-4.333806684133468812e-01
-4.333803985893204258e-01
-4.333801349395155489e-01
-4.333798773226292811e-01
-4.333796256006708925e-01
-4.333793796388230590e-01
-4.333791393052829344e-01
-4.333789044711967020e-01
-4.333786750106524144e-01
-4.333784508006895964e-01
-4.333782317212364066e-01
-4.333780176549950069e-01
-4.333778084873174952e-01
-4.333776041061031536e-01
-4.333774044017410509e-01
-4.333772092671092091e-01
-4.333770185976179024e-01
-4.333768322911605297e-01
-4.333766502479993177e-01
-4.333764723705986199e-01
-4.333762985635559173e-01
-4.333761287336246326e-01
-4.333759627897320055e-01
-4.333758006429642151e-01
-4.333756422064593550e-01
-4.333754873953094000e-01
-4.333753361265402226e-01
-4.333751883191185872e-01
-4.333750438939118488e-01
-4.333749027736039094e-01
-4.333747648826173915e-01
-4.333746301470738915e-01
-4.333744984947829892e-01
-4.333743698552167123e-01
-4.333742441594356509e-01
-4.333741213400393866e-01
-4.333740013311492278e-01
-4.333738840684149274e-01
-4.333737694890262837e-01
-4.333736575316256001e-01
-4.333735481361999375e-01
-4.333734412440501949e-01
-4.333733367978286344e-01
-4.333732347415348296e-01
-4.333731350204442778e-01
-4.333730375810745938e-01
-4.333729423712148199e-01
-4.333728493398835147e-01
-4.333727584372494834e-01
-4.333726696145990820e-01
-4.333725828243215616e-01
-4.333724980199753496e-01
-4.333724151562419191e-01
-4.333723341887906200e-01
-4.333722550742007407e-01
-4.333721777700073607e-01
-4.333721022347700735e-01
-4.333720284280194734e-01
-4.333719563102033101e-01
-4.333718858426978127e-01
-4.333718169877692761e-01
-4.333717497085197712e-01
-4.333716839688253053e-01
-4.333716197333501441e-01
-4.333715569676608315e-01
-4.333714956382147543e-01
-4.333714357121843941e-01
-4.333713771573996509e-01
-4.333713199424372164e-01
-4.333712640366828017e-01
-4.333712094102566414e-01
-4.333711560339191804e-01
-4.333711038790988290e-01
-4.333710529178733117e-01
-4.333710031229143222e-01
-4.333709544674547720e-01
-4.333709069252705826e-01
-4.333708604707587897e-01
-4.333708150790099300e-01
-4.333707707257925534e-01
-4.333707273874835009e-01
-4.333706850409719813e-01
-4.333706436636008963e-01
-4.333706032331413605e-01
-4.333705637278494338e-01
-4.333705251265119740e-01
-4.333704874084374215e-01
-4.333704505534405893e-01
-4.333704145418197928e-01
-4.333703793542934557e-01
-4.333703449719620848e-01
-4.333703113763721637e-01
-4.333702785495487930e-01
-4.333702464739491722e-01
-4.333702151324113627e-01
-4.333701845081230908e-01
-4.333701545846201375e-01
-4.333701253457772351e-01
-4.333700967758601363e-01
-4.333700688595927275e-01
-4.333700415820617158e-01
-4.333700149286206504e-01
-4.333699888849980031e-01
-4.333699634373544551e-01
-4.333699385721183628e-01
-4.333699142759531719e-01
-4.333698905358338571e-01
-4.333698673390404821e-01
-4.333698446731245046e-01
-4.333698225259012271e-01
-4.333698008854418027e-01
-4.333697797401215301e-01
-4.333697590786188547e-01
-4.333697388898485325e-01
-4.333697191629906076e-01
-4.333696998875523620e-01
-4.333696810533147481e-01
-4.333696626502088756e-01
-4.333696446682865355e-01
-4.333696270977845932e-01
-4.333696099291813875e-01
-4.333695931532076662e-01
-4.333695767608312099e-01
-4.333695607432967445e-01
-4.333695450921506431e-01
-4.333695297991932982e-01
-4.333695148564250532e-01
-4.333695002559745935e-01
-4.333694859900529273e-01
-4.333694720509410625e-01
-4.333694584310330278e-01
-4.333694451228465860e-01
-4.333694321190680876e-01
-4.333694194126257448e-01
-4.333694069966785301e-01
-4.333693948645834793e-01
-4.333693830098291899e-01
-4.333693714260741237e-01
-4.333693601072067247e-01
-4.333693490472944054e-01
-4.333693382405136574e-01
-4.333693276811196871e-01
-4.333693173634161067e-01
-4.333693072817906833e-01
-4.333692974307880030e-01
-4.333692878051486064e-01
-4.333692783998126519e-01
-4.333692692098163324e-01
-4.333692602302610108e-01
-4.333692514563268761e-01
-4.333692428832565113e-01
-4.333692345063898110e-01
-4.333692263212056694e-01
-4.333692183233120443e-01
-4.333692105084375745e-01
